{
    "animation": [
        {
            "name": "root",
            "time": [0.0, 0.067, 0.433, 0.8, 0.933],
            "transform": [[1.0, 0.0, 0.0, 0.0, 0.0, 0.998, 0.062, -1.269, 0.0, 0.062, 0.998, 0.201],
                [1.0, 0.0, 0.0, 0.0, 0.0, 0.998, 0.069, -1.269, 0.0, 0.069, 0.998, 0.207],
                [1.0, 0.0, 0.0, 0.0, 0.0, 0.988, -0.152, -1.269, 0.0, 0.152, 0.988, -0.148],
                [1.0, 0.0, 0.0, 0.0, 0.0, 1.0, 0.054, -1.269, 0.0, 0.054, 1.0, 0.227],
                [1.0, 0.0, 0.0, 0.0, 0.0, 0.998, 0.062, -1.269, 0.0, 0.062, 0.998, 0.201]
            ]
        },
        {
            "name": "right_hind_leg",
            "time": [0.0, 0.433, 0.933],
            "transform": [[0.707, 0.586, 0.396, 1, 0.044, -0.522, 0.852, 0.545, 0.706, -0.619, -0.344, 0.036],
                [0.707, 0.586, 0.396, 1, 0.124, -0.654, 0.747, 0.545, 0.696, -0.479, -0.535, 0.036],
                [0.707, 0.586, 0.396, 1, 0.044, -0.522, 0.852, 0.545, 0.706, -0.619, -0.344, 0.036]
            ]
        },
        {
            "name": "right_hind_leg_tip",
            "time": [0.0, 0.933],
            "transform": [[1.0, 0.0, 0.0, 0.0, 0.0, 0.066, 0.998, 1.692, 0.0, -0.998, 0.066, 0.0],
                [1.0, 0.0, 0.0, 0.0, 0.0, 0.066, 0.998, 1.692, 0.0, -0.998, 0.066, 0.0]
            ]
        },
        {
            "name": "right_hind_foot",
            "time": [0.0, 0.933],
            "transform": [[1.0, 0.0, 0.0, 0.0, 0.0, 0.107, -0.994, 2.16, 0.0, 0.994, 0.107, 0.0],
                [1.0, 0.0, 0.0, 0.0, 0.0, 0.107, -0.994, 2.16, 0.0, 0.994, 0.107, 0.0]
            ]
        },
        {
            "name": "left_hind_leg",
            "time": [0.0, 0.433, 0.933],
            "transform": [[0.707, -0.586, -0.396, -1, 0.044, -0.522, 0.852, 0.545, -0.706, -0.619, -0.344, 0.036],
                [0.707, -0.586, -0.396, -1, -0.124, -0.654, 0.747, 0.545, -0.696, -0.479, -0.535, 0.036],
                [0.707, -0.586, -0.396, -1, 0.044, -0.522, 0.852, 0.545, -0.706, -0.619, -0.344, 0.036]
            ]
        },
        {
            "name": "left_hind_leg_tip",
            "time": [0.0, 0.933],
            "transform": [[1.0, 0.0, 0.0, 0.0, 0.0, 0.066, 0.998, 1.692, 0.0, -0.998, 0.066, 0.0],
                [1.0, 0.0, 0.0, 0.0, 0.0, 0.066, 0.998, 1.692, 0.0, -0.998, 0.066, 0.0]
            ]
        },
        {
            "name": "left_hind_foot",
            "time": [0.0, 0.933],
            "transform": [[1.0, 0.0, 0.0, 0.0, 0.0, 0.107, -0.994, 2.16, 0.0, 0.994, 0.107, 0.0],
                [1.0, 0.0, 0.0, 0.0, 0.0, 0.107, -0.994, 2.16, 0.0, 0.994, 0.107, 0.0]
            ]
        },
        {
            "name": "body",
            "time": [0.0, 0.933],
            "transform": [[1.0, 0.0, 0.0, 0.0, 0.0, 1.0, 0.0, 0.274, 0.0, 0.0, 1.0, 0.0],
                [1.0, 0.0, 0.0, 0.0, 0.0, 1.0, 0.0, 0.274, 0.0, 0.0, 1.0, 0.0]
            ]
        },
        {
            "name": "neck_tail_1",
            "time": [0.0, 0.433, 0.933],
            "transform": [[-1.0, 0.0, 0.0, 0.0, 0.0, -0.996, 0.092, -0.516, 0.0, 0.092, 0.996, 0.429],
                [-1.0, 0.0, 0.0, 0.0, 0.0, -0.992, 0.129, -0.516, 0.0, 0.129, 0.992, 0.429],
                [-1.0, 0.0, 0.0, 0.0, 0.0, -0.996, 0.092, -0.516, 0.0, 0.092, 0.996, 0.429]
            ]
        },
        {
            "name": "neck_tail_2",
            "time": [0.0, 0.933],
            "transform": [[1, 0.0, 0.0, 0.0, 0.0, 0.993, 0.117, 0.616, 0.0, -0.117, 0.993, 0.0],
                [1, 0.0, 0.0, 0.0, 0.0, 0.993, 0.117, 0.616, 0.0, -0.117, 0.993, 0.0]
            ]
        },
        {
            "name": "neck_tail_3",
            "time": [0.0, 0.933],
            "transform": [[1.0, 0.0, 0.0, 0.0, 0.0, 0.991, 0.132, 0.625, 0.0, -0.132, 0.991, 0.0],
                [1.0, 0.0, 0.0, 0.0, 0.0, 0.991, 0.132, 0.625, 0.0, -0.132, 0.991, 0.0]
            ]
        },
        {
            "name": "neck_tail_4",
            "time": [0.0, 0.933],
            "transform": [[1.0, 0.0, 0.0, 0.0, 0.0, 0.989, 0.145, 0.626, 0.0, -0.145, 0.989, 0.0],
                [1.0, 0.0, 0.0, 0.0, 0.0, 0.989, 0.145, 0.626, 0.0, -0.145, 0.989, 0.0]
            ]
        },
        {
            "name": "neck_tail_5",
            "time": [0.0, 0.933],
            "transform": [[1.0, 0.0, 0.0, 0.0, 0.0, 0.988, 0.153, 0.625, 0.0, -0.153, 0.988, 0.0],
                [1.0, 0.0, 0.0, 0.0, 0.0, 0.988, 0.153, 0.625, 0.0, -0.153, 0.988, 0.0]
            ]
        },
        {
            "name": "neck_tail_6",
            "time": [0.0, 0.933],
            "transform": [[1.0, 0.0, 0.0, 0.0, 0.0, 0.988, 0.155, 0.623, 0.0, -0.155, 0.988, 0.0],
                [1.0, 0.0, 0.0, 0.0, 0.0, 0.988, 0.155, 0.623, 0.0, -0.155, 0.988, 0.0]
            ]
        },
        {
            "name": "neck_tail_7",
            "time": [0.0, 0.933],
            "transform": [[1.0, 0.0, 0.0, 0.0, 0.0, 0.989, 0.15, 0.625, 0.0, -0.15, 0.989, 0.0],
                [1.0, 0.0, 0.0, 0.0, 0.0, 0.989, 0.15, 0.625, 0.0, -0.15, 0.989, 0.0]
            ]
        },
        {
            "name": "neck_tail_8",
            "time": [0.0, 0.933],
            "transform": [[1.0, 0.0, 0.0, 0.0, 0.0, 0.99, 0.138, 0.625, 0.0, -0.138, 0.99, 0.0],
                [1.0, 0.0, 0.0, 0.0, 0.0, 0.99, 0.138, 0.625, 0.0, -0.138, 0.99, 0.0]
            ]
        },
        {
            "name": "neck_tail_9",
            "time": [0.0, 0.933],
            "transform": [[1.0, 0.0, 0.0, 0.0, 0.0, 0.993, 0.119, 0.625, 0.0, -0.119, 0.993, 0.0],
                [1.0, 0.0, 0.0, 0.0, 0.0, 0.993, 0.119, 0.625, 0.0, -0.119, 0.993, 0.0]
            ]
        },
        {
            "name": "neck_tail_10",
            "time": [0.0, 0.933],
            "transform": [[1.0, 0.0, 0.0, 0.0, 0.0, 0.995, 0.095, 0.626, 0.0, 0.095, 0.995, 0.0],
                [1.0, 0.0, 0.0, 0.0, 0.0, 0.995, 0.095, 0.626, 0.0, 0.095, 0.995, 0.0]
            ]
        },
        {
            "name": "neck_tail_11",
            "time": [0.0, 0.933],
            "transform": [[1.0, 0.0, 0.0, 0.0, 0.0, 0.998, 0.066, 0.625, 0.0, 0.066, 0.998, 0.0],
                [1.0, 0.0, 0.0, 0.0, 0.0, 0.998, 0.066, 0.625, 0.0, 0.066, 0.998, 0.0]
            ]
        },
        {
            "name": "neck_tail_12",
            "time": [0.0, 0.933],
            "transform": [[1.0, 0.0, 0.0, 0.0, 0.0, 1.0, 0.034, 0.625, 0.0, 0.034, 1.0, 0.0],
                [1.0, 0.0, 0.0, 0.0, 0.0, 1.0, 0.034, 0.625, 0.0, 0.034, 1.0, 0.0]
            ]
        },
        {
            "name": "right_front_leg",
            "time": [0.0, 0.433, 0.933],
            "transform": [[0.853, 0.521, 0.006, 0.75, 0.521, -0.853, 0.031, 2.917, 0.011, 0.03, -1.0, -0.176],
                [0.853, 0.521, 0.006, 0.75, 0.516, -0.846, -0.134, 2.917, 0.075, 0.111, -0.991, -0.176],
                [0.853, 0.521, 0.006, 0.75, 0.521, -0.853, 0.031, 2.917, 0.011, 0.03, -1.0, -0.176]
            ]
        },
        {
            "name": "right_front_leg_tip",
            "time": [0.0, 0.933],
            "transform": [[-0.714, 0.269, 0.647, 0.0, 0.462, -0.513, 0.723, 1.253, 0.526, 0.815, 0.242, 0.0],
                [-0.714, 0.269, 0.647, 0.0, 0.462, -0.513, 0.723, 1.253, 0.526, 0.815, 0.242, 0.0]
            ]
        },
        {
            "name": "right_front_foot",
            "time": [0.0, 0.933],
            "transform": [[1.0, 0, -0, 0.0, 0.0, 0.876, 0.482, 1.489, 0, -0.482, 0.876, 0.0],
                [1.0, 0, -0, 0.0, 0.0, 0.876, 0.482, 1.489, 0, -0.482, 0.876, 0.0]
            ]
        },
        {
            "name": "left_front_leg",
            "time": [0.0, 0.433, 0.933],
            "transform": [[0.853, -0.521, 0.006, -0.75, -0.521, -0.853, 0.031, 2.917, 0.011, 0.03, -1.0, -0.176],
                [0.853, -0.521, 0.006, -0.75, -0.516, -0.846, -0.134, 2.917, 0.075, 0.111, -0.991, -0.176],
                [0.853, -0.521, 0.006, -0.75, -0.521, -0.853, 0.031, 2.917, 0.011, 0.03, -1.0, -0.176]
            ]
        },
        {
            "name": "left_front_leg_tip",
            "time": [0.0, 0.933],
            "transform": [[-0.714, -0.264, -0.648, 0.0, -0.463, -0.516, 0.721, 1.253, -0.525, 0.815, 0.247, 0.0],
                [-0.714, -0.264, -0.648, 0.0, -0.463, -0.516, 0.721, 1.253, -0.525, 0.815, 0.247, 0.0]
            ]
        },
        {
            "name": "left_front_foot",
            "time": [0.0, 0.933],
            "transform": [[1, 0, 0.004, 0.0, 0.002, 0.809, 0.587, 1.489, 0.003, -0.587, 0.809, 0.0],
                [1, 0, 0.004, 0.0, 0.002, 0.809, 0.587, 1.489, 0.003, -0.587, 0.809, 0.0]
            ]
        },
        {
            "name": "right_wing",
            "time": [0.0, 0.433, 0.8, 0.933],
            "transform": [[0.05, 0.343, -0.938, 0.75, -0.97, 0.208, 0.127, 2.861, 0.239, 0.916, 0.322, 0.745],
                [-0.134, 0.502, 0.854, 0.75, -0.989, -0.124, 0.082, 2.861, 0.064, -0.856, 0.513, 0.745],
                [0.023, 0.906, -0.422, 0.75, -1, 0.023, 0.005, 2.861, 0.005, 0.422, 0.907, 0.745],
                [0.05, 0.343, -0.938, 0.75, -0.97, 0.208, 0.127, 2.861, 0.239, 0.916, 0.322, 0.745]
            ]
        },
        {
            "name": "right_wing_tip",
            "time": [0.0, 0.25, 0.433, 0.65, 0.8, 0.933],
            "transform": [[1.0, 0.036, 0.011, 0.0, 0.036, 0.817, -0.576, 3.5, 0.011, 0.576, 0.818, 0.0],
                [1, -0, 0.012, 0.0, 0.008, 0.709, -0.705, 3.5, 0.009, 0.705, 0.709, 0.0],
                [1, 0.006, 0.021, 0.0, 0.011, 0.707, 0.707, 3.5, 0.019, -0.707, 0.707, 0.0],
                [1, 0.025, 0.018, 0.0, 0.031, 0.781, 0.623, 3.5, 0.001, -0.624, 0.782, 0.0],
                [1, 0.023, 0.005, 0.0, 0.023, 0.906, 0.422, 3.5, 0.005, -0.422, 0.907, 0.0],
                [1.0, 0.036, 0.011, 0.0, 0.036, 0.817, -0.576, 3.5, 0.011, 0.576, 0.818, 0.0]
            ]
        },
        {
            "name": "left_wing",
            "time": [0.0, 0.433, 0.8, 0.933],
            "transform": [[0.029, -0.349, 0.936, -0.751, 0.969, 0.221, 0.113, 2.861, -0.246, 0.91, 0.332, 0.745],
                [-0.13, -0.537, -0.833, -0.751, 0.989, -0.13, 0.07, 2.861, 0.071, -0.833, 0.548, 0.745],
                [0.023, -0.906, 0.422, -0.751, 1, 0.023, 0.005, 2.861, 0.005, 0.422, 0.907, 0.745],
                [0.029, -0.349, 0.936, -0.751, 0.969, 0.221, 0.113, 2.861, -0.246, 0.91, 0.332, 0.745]
            ]
        },
        {
            "name": "left_wing_tip",
            "time": [0.0, 0.25, 0.433, 0.65, 0.8, 0.933],
            "transform": [[1.0, 0.037, 0.012, 0.0, 0.037, 0.803, -0.594, 3.5, 0.012, 0.594, 0.804, 0.0],
                [1, 0.007, 0.002, 0.0, 0.006, 0.674, -0.739, 3.5, 0.004, 0.739, 0.674, 0.0],
                [1, 0.006, 0.014, 0.0, 0.006, 0.675, 0.738, 3.5, 0.014, -0.738, 0.675, 0.0],
                [1, 0.029, 0.008, 0.0, 0.027, 0.773, 0.633, 3.5, 0.012, -0.633, 0.774, 0.0],
                [1, 0.023, 0.005, 0.0, 0.023, 0.906, 0.422, 3.5, 0.005, -0.422, 0.907, 0.0],
                [1.0, 0.037, 0.012, 0.0, 0.037, 0.803, -0.594, 3.5, 0.012, 0.594, 0.804, 0.0]
            ]
        },
        {
            "name": "neck",
            "time": [0.0, 0.467, 0.933],
            "transform": [[1.0, 0.0, 0.0, 0.0, 0.0, 1, 0.017, 3.494, 0.0, 0.017, 1, 0.0],
                [1.0, 0.0, 0.0, 0.0, 0.0, 0.945, 0.327, 3.494, 0.0, -0.327, 0.945, 0.0],
                [1.0, 0.0, 0.0, 0.0, 0.0, 1, 0.017, 3.494, 0.0, 0.017, 1, 0.0]
            ]
        },
        {
            "name": "neck2",
            "time": [0.0, 0.467, 0.933],
            "transform": [[1.0, 0.0, 0.0, 0.0, 0.0, 0.982, 0.186, 0.624, 0.0, -0.186, 0.982, 0.0],
                [1.0, 0.0, 0.0, 0.0, 0.0, 0.986, 0.169, 0.624, 0.0, -0.169, 0.986, 0.0],
                [1.0, 0.0, 0.0, 0.0, 0.0, 0.982, 0.186, 0.624, 0.0, -0.186, 0.982, 0.0]
            ]
        },
        {
            "name": "neck3",
            "time": [0.0, 0.467, 0.933],
            "transform": [[1.0, 0.0, 0.0, 0.0, 0.0, 0.981, 0.192, 0.627, 0.0, -0.192, 0.981, 0.0],
                [1.0, 0.0, 0.0, 0.0, 0.0, 0.985, 0.175, 0.627, 0.0, -0.175, 0.985, 0.0],
                [1.0, 0.0, 0.0, 0.0, 0.0, 0.981, 0.192, 0.627, 0.0, -0.192, 0.981, 0.0]
            ]
        },
        {
            "name": "neck4",
            "time": [0.0, 0.467, 0.933],
            "transform": [[1.0, 0.0, 0.0, 0.0, 0.0, 0.988, 0.156, 0.624, 0.0, -0.156, 0.988, 0.0],
                [1.0, 0.0, 0.0, 0.0, 0.0, 0.99, 0.139, 0.624, 0.0, -0.139, 0.99, 0.0],
                [1.0, 0.0, 0.0, 0.0, 0.0, 0.988, 0.156, 0.624, 0.0, -0.156, 0.988, 0.0]
            ]
        },
        {
            "name": "neck5",
            "time": [0.0, 0.467, 0.933],
            "transform": [[1.0, 0.0, 0.0, 0.0, 0.0, 0.996, 0.087, 0.624, 0.0, 0.087, 0.996, 0.0],
                [1.0, 0.0, 0.0, 0.0, 0.0, 0.998, 0.07, 0.624, 0.0, 0.07, 0.998, 0.0],
                [1.0, 0.0, 0.0, 0.0, 0.0, 0.996, 0.087, 0.624, 0.0, 0.087, 0.996, 0.0]
            ]
        },
        {
            "name": "head",
            "time": [0.0, 0.933],
            "transform": [[1.0, 0.0, 0.0, 0.0, 0.0, 1.0, 0.034, 0.629, 0.0, 0.034, 1.0, 0.0],
                [1.0, 0.0, 0.0, 0.0, 0.0, 1.0, 0.034, 0.629, 0.0, 0.034, 1.0, 0.0]
            ]
        },
        {
            "name": "upperJaw",
            "time": [0.0, 0.933],
            "transform": [[1.0, 0.0, 0.0, 0.001, 0.0, 0.978, -0.21, 0.873, 0.0, 0.21, 0.978, -0.25],
                [1.0, 0.0, 0.0, 0.001, 0.0, 0.978, -0.21, 0.873, 0.0, 0.21, 0.978, -0.25]
            ]
        },
        {
            "name": "jaw",
            "time": [0.0, 0.933],
            "transform": [[1.0, 0.0, 0.0, 0.001, 0.0, 0.284, 0.959, 0.873, 0.0, -0.959, 0.284, -0.258],
                [1.0, 0.0, 0.0, 0.001, 0.0, 0.284, 0.959, 0.873, 0.0, -0.959, 0.284, -0.258]
            ]
        }
    ]
}