{
    "animation": [
        {
            "name": "root",
            "time": [0.0, 0.117, 0.25, 0.4, 0.5, 0.65, 1.1, 2.0],
            "transform": [[0.99, -0.14, 0.028, 0.0, 0.137, 0.987, 0.08, -1.346, 0.039, 0.076, 0.996, 2.402],
                [0.946, -0.325, 0.002, 0.0, 0.321, 0.935, 0.153, -1.713, 0.047, -0.145, 0.988, 2.244],
                [0.943, -0.332, 0.008, 0.0, 0.329, 0.931, 0.155, -1.729, 0.044, -0.149, 0.988, 2.238],
                [0.996, 0.091, 0.019, 0.0, 0.088, 0.985, 0.15, -0.608, 0.032, -0.147, 0.989, 2.346],
                [0.983, 0.166, 0.081, 0.0, -0.175, 0.976, 0.128, 0.003, 0.058, -0.14, 0.988, 2.402],
                [0.855, 0.499, 0.145, 0.0, -0.519, 0.818, 0.248, 0.053, 0.005, -0.287, 0.958, 2.402],
                [0.844, 0.513, 0.156, 0.0, -0.536, 0.798, 0.278, 0.054, 0.018, -0.318, 0.948, 2.402],
                [1.0, 0.0, 0.0, 0.0, 0.0, 0.995, 0.097, -1.269, 0.0, 0.097, 0.995, 2.539]
            ]
        },
        {
            "name": "right_hind_leg",
            "time": [0.0, 1.1, 2.0],
            "transform": [[0.772, 0.548, 0.321, 1, -0.395, 0.019, 0.918, 0.353, 0.498, -0.836, 0.231, 0.092],
                [0.714, 0.371, -0.594, 1, -0.327, 0.926, 0.186, 0.353, 0.619, 0.062, 0.783, 0.092],
                [0.965, 0.259, 0.03, 1, -0.123, 0.349, 0.929, 0.086, 0.231, -0.901, 0.368, -0.271]
            ]
        },
        {
            "name": "right_hind_leg_tip",
            "time": [0.0, 1.1, 2.0],
            "transform": [[0.959, -0.25, -0.136, 0.0, 0.151, 0.042, 0.988, 1.692, -0.241, -0.967, 0.078, 0.0],
                [0.842, -0.439, -0.314, 0.0, 0.161, -0.35, 0.923, 1.692, -0.515, -0.827, -0.224, 0.0],
                [0.984, -0.148, 0.098, 0.0, 0.081, -0.119, 0.99, 1.692, -0.158, -0.982, -0.105, 0.0]
            ]
        },
        {
            "name": "right_hind_foot",
            "time": [0.0, 1.1, 2.0],
            "transform": [[0.918, 0.248, 0.31, 0.0, 0.342, -0.892, -0.297, 2.16, 0.202, 0.379, -0.903, 0.0],
                [0.912, -0.351, 0.211, 0.0, 0.058, -0.621, -0.781, 2.16, 0.405, 0.701, -0.588, 0.0],
                [0.996, 0.075, 0.053, 0.0, 0.044, -0.894, -0.445, 2.16, 0.081, 0.441, -0.894, 0.0]
            ]
        },
        {
            "name": "left_hind_leg",
            "time": [0.0, 1.1, 2.0],
            "transform": [[0.799, -0.54, -0.266, -1, 0.602, 0.718, 0.349, 0.353, 0.002, -0.439, 0.898, 0.092],
                [0.782, -0.623, 0.033, -1, 0.624, 0.781, 0.042, 0.353, 0, 0.053, 1.0, 0.092],
                [0.951, -0.303, 0.061, -1, 0.297, 0.95, 0.095, 0.086, 0.086, 0.072, 0.994, -0.271]
            ]
        },
        {
            "name": "left_hind_leg_tip",
            "time": [0.0, 1.1, 2.0],
            "transform": [[1.0, 0.0, 0.0, 0.0, 0.0, -0.372, 0.928, 1.692, 0.0, -0.928, -0.372, 0.0],
                [1.0, 0.001, -0, 0.0, 0, -0.434, 0.901, 1.692, 0, -0.901, -0.434, 0.0],
                [1.0, 0.0, 0.0, 0.0, 0.0, -0.226, 0.974, 1.692, 0.0, -0.974, -0.226, 0.0]
            ]
        },
        {
            "name": "left_hind_foot",
            "time": [0.0, 1.1, 2.0],
            "transform": [[0.997, 0.011, 0.072, 0.0, 0.054, -0.769, -0.637, 2.16, 0.049, 0.639, -0.768, 0.0],
                [0.983, 0, -0.184, 0.0, -0.131, -0.7, -0.701, 2.16, -0.129, 0.714, -0.688, 0.0],
                [0.983, 0.177, 0.055, 0.0, 0.097, -0.24, -0.966, 2.16, -0.158, 0.955, -0.253, 0.0]
            ]
        },
        {
            "name": "body",
            "time": [0.0, 0.117, 0.25, 0.4, 0.5, 0.65, 1.1, 2.0],
            "transform": [[0.998, 0.003, 0.055, 0.0, 0.008, 0.997, 0.078, 0.274, 0.055, 0.078, 0.995, 0.0],
                [0.998, 0.003, 0.055, 0.0, 0.008, 0.997, 0.078, 0.274, 0.055, 0.078, 0.995, 0.0],
                [0.998, 0.003, 0.055, 0.0, 0.008, 0.997, 0.078, 0.274, 0.055, 0.078, 0.995, 0.0],
                [0.998, 0.003, 0.055, 0.0, 0.008, 0.997, 0.078, 0.274, 0.055, 0.078, 0.995, 0.0],
                [0.998, 0.003, 0.055, 0.0, 0.008, 0.997, 0.078, 0.274, 0.055, 0.078, 0.995, 0.0],
                [0.998, 0.003, 0.055, 0.0, 0.008, 0.997, 0.078, 0.274, 0.055, 0.078, 0.995, 0.0],
                [0.998, 0.003, 0.055, 0.0, 0.008, 0.997, 0.078, 0.274, 0.055, 0.078, 0.995, 0.0],
                [1.0, 0.0, 0.0, 0.0, 0.0, 0.996, 0.095, 0.274, 0.0, 0.095, 0.996, 0.0]
            ]
        },
        {
            "name": "neck_tail_1",
            "time": [0.0, 0.5, 0.65, 1.1, 2.0],
            "transform": [[-0.991, 0.123, 0.055, 0.0, -0.101, -0.949, -0.298, -0.516, 0.089, -0.29, 0.953, 0.429],
                [-0.995, 0.085, 0.044, 0.0, 0.092, -0.973, -0.212, -0.516, 0.025, -0.215, 0.976, 0.429],
                [-0.993, 0.073, 0.096, 0.0, -0.1, -0.946, -0.309, -0.516, 0.068, -0.317, 0.946, 0.429],
                [-0.993, 0.024, 0.117, 0.0, 0.067, -0.919, -0.388, -0.516, 0.098, -0.393, 0.914, 0.429],
                [-0.994, -0.109, 0.015, 0.0, 0.109, -0.993, 0.041, -0.516, 0.01, 0.042, 1.0, 0.429]
            ]
        },
        {
            "name": "neck_tail_2",
            "time": [0.0, 1.1, 2.0],
            "transform": [[1.0, 0.047, 0.007, 0.0, 0.047, 0.98, 0.192, 0.616, 0.002, -0.193, 0.981, 0.0],
                [0.991, -0.134, 0.022, 0.0, 0.136, 0.974, 0.183, 0.616, 0.003, -0.185, 0.983, 0.0],
                [1.0, 0.039, 0.004, 0.0, 0.038, 0.987, 0.157, 0.616, 0.01, -0.157, 0.988, 0.0]
            ]
        },
        {
            "name": "neck_tail_3",
            "time": [0.0, 1.1, 2.0],
            "transform": [[1, 0.029, 0.004, 0.0, 0.029, 0.993, 0.113, 0.625, 0.001, -0.113, 0.994, 0.0],
                [0.996, 0.09, 0.027, 0.0, 0.093, 0.983, 0.159, 0.625, 0.012, -0.161, 0.987, 0.0],
                [1, 0.029, 0, 0.0, 0.029, 0.989, 0.144, 0.625, 0.005, -0.144, 0.99, 0.0]
            ]
        },
        {
            "name": "neck_tail_4",
            "time": [0.0, 1.1, 2.0],
            "transform": [[1, 0.012, 0.003, 0.0, 0.013, 1.0, 0.039, 0.626, 0.003, 0.039, 1.0, 0.0],
                [0.998, 0.051, 0.026, 0.0, 0.053, 0.993, 0.103, 0.626, 0.021, -0.104, 0.994, 0.0],
                [1, 0.021, 0.002, 0.0, 0.021, 0.993, 0.118, 0.626, -0, -0.118, 0.993, 0.0]
            ]
        },
        {
            "name": "neck_tail_5",
            "time": [0.0, 1.1, 2.0],
            "transform": [[1, 0.002, 0.003, 0.0, 0.002, 1, 0.025, 0.625, 0.002, 0.025, 1, 0.0],
                [1, 0.019, 0.024, 0.0, 0.019, 1.0, 0.029, 0.625, 0.023, 0.029, 1.0, 0.0],
                [1, 0.014, 0.004, 0.0, 0.015, 0.996, 0.084, 0.625, 0.002, 0.084, 0.996, 0.0]
            ]
        },
        {
            "name": "neck_tail_6",
            "time": [0.0, 1.1, 2.0],
            "transform": [[1, 0.013, 0.003, 0.0, 0.013, 0.997, 0.075, 0.623, 0.002, 0.075, 0.997, 0.0],
                [1, 0.006, 0.021, 0.0, 0.007, 1.0, 0.033, 0.623, 0.02, 0.033, 1.0, 0.0],
                [1, 0.01, 0.004, 0.0, 0.01, 1.0, 0.043, 0.623, 0.003, 0.043, 1.0, 0.0]
            ]
        },
        {
            "name": "neck_tail_7",
            "time": [0.0, 1.1, 2.0],
            "transform": [[1, 0.021, 0.003, 0.0, 0.021, 0.994, -0.11, 0.625, -0, 0.11, 0.994, 0.0],
                [1, 0.023, 0.017, 0.0, 0.024, 0.996, 0.089, 0.625, 0.015, 0.09, 0.996, 0.0],
                [1, 0.006, 0.003, 0.0, 0.006, 1, -0, 0.625, 0.003, 0, 1, 0.0]
            ]
        },
        {
            "name": "neck_tail_8",
            "time": [0.0, 1.1, 2.0],
            "transform": [[1, 0.025, 0.003, 0.0, 0.025, 0.992, -0.127, 0.625, 0.001, 0.127, 0.992, 0.0],
                [1.0, 0.032, 0.013, 0.0, 0.034, 0.991, -0.133, 0.625, 0.009, 0.133, 0.991, 0.0],
                [1, 0.004, 0.002, 0.0, 0.004, 1.0, 0.041, 0.625, 0.003, 0.041, 1.0, 0.0]
            ]
        },
        {
            "name": "neck_tail_9",
            "time": [0.0, 1.1, 2.0],
            "transform": [[1, 0.025, 0.002, 0.0, 0.025, 0.992, -0.127, 0.625, 0.001, 0.127, 0.992, 0.0],
                [1.0, 0.036, 0.009, 0.0, 0.037, 0.986, -0.16, 0.625, 0.004, 0.161, 0.987, 0.0],
                [1, 0.003, 0.002, 0.0, 0.003, 0.997, 0.075, 0.625, 0.002, 0.075, 0.997, 0.0]
            ]
        },
        {
            "name": "neck_tail_10",
            "time": [0.0, 1.1, 2.0],
            "transform": [[1, 0.022, 0.002, 0.0, 0.022, 0.994, -0.11, 0.626, 0.001, 0.11, 0.994, 0.0],
                [1.0, 0.033, 0.006, 0.0, 0.034, 0.984, -0.176, 0.626, 0.0, 0.176, 0.984, 0.0],
                [1, 0.002, 0.001, 0.0, 0.002, 0.995, 0.098, 0.626, 0.001, 0.098, 0.995, 0.0]
            ]
        },
        {
            "name": "neck_tail_11",
            "time": [0.0, 1.1, 2.0],
            "transform": [[1, 0.016, 0.001, 0.0, 0.016, 0.997, 0.081, 0.625, 0.001, 0.081, 0.997, 0.0],
                [1, 0.025, 0.003, 0.0, 0.025, 0.987, -0.156, 0.625, 0.001, 0.156, 0.988, 0.0],
                [1, 0.001, -0, 0.0, 0.001, 0.994, -0.107, 0.625, 0, 0.107, 0.994, 0.0]
            ]
        },
        {
            "name": "neck_tail_12",
            "time": [0.0, 1.1, 2.0],
            "transform": [[1, 0.009, 0, 0.0, 0.009, 1.0, 0.043, 0.625, 0, 0.043, 1.0, 0.0],
                [1, 0.014, 0.001, 0.0, 0.014, 0.984, -0.178, 0.625, 0.001, 0.178, 0.984, 0.0],
                [1.0, -0, 0.0, 0.0, 0, 0.971, -0.238, 0.625, 0, 0.238, 0.971, 0.0]
            ]
        },
        {
            "name": "right_front_leg",
            "time": [0.0, 0.117, 0.25, 0.4, 0.65, 1.1, 2.0],
            "transform": [[0.861, 0.298, -0.411, 0.75, 0.428, 0.011, 0.904, 2.932, 0.274, -0.954, -0.118, -0.106],
                [0.763, 0.574, -0.297, 0.75, 0.271, 0.132, 0.953, 2.932, 0.587, -0.808, 0.055, -0.106],
                [0.696, 0.614, -0.371, 0.75, 0.369, 0.137, 0.919, 2.932, 0.616, -0.777, -0.131, -0.106],
                [0.785, 0.618, 0.041, 0.765, 0.372, -0.418, 0.829, 3.067, 0.495, -0.666, -0.558, -0.102],
                [0.932, 0.346, 0.107, 0.776, 0.337, -0.937, 0.091, 3.438, 0.132, 0.049, -0.99, 0.093],
                [0.896, 0.425, 0.126, 0.776, 0.416, -0.904, 0.096, 3.438, 0.155, 0.034, -0.987, 0.093],
                [0.97, 0.133, -0.202, 0.75, 0.237, -0.364, 0.9, 2.917, 0.046, -0.922, -0.385, -0.176]
            ]
        },
        {
            "name": "right_front_leg_tip",
            "time": [0.0, 0.117, 0.25, 0.4, 0.65, 1.1, 2.0],
            "transform": [[0.714, 0.193, 0.673, 0.0, 0.475, 0.573, -0.668, 1.253, -0.515, 0.796, 0.318, 0.0],
                [0.677, 0.363, 0.64, 0.0, 0.352, 0.604, -0.715, 1.253, -0.646, 0.709, 0.281, 0.0],
                [0.665, 0.39, 0.637, 0.0, 0.33, 0.612, -0.719, 1.253, -0.67, 0.688, 0.278, 0.0],
                [0.904, 0.408, -0.13, 0.0, -0.322, 0.449, -0.833, 1.253, -0.281, 0.795, 0.537, 0.0],
                [0.985, 0.123, -0.121, 0.0, 0.081, -0.293, -0.953, 1.253, -0.153, 0.948, -0.279, 0.0],
                [0.986, 0.104, -0.127, 0.0, 0.087, -0.328, -0.941, 1.253, -0.14, 0.939, -0.314, 0.0],
                [1, 0.025, 0.013, 0.0, 0.022, 0.378, -0.926, 1.253, 0.019, 0.926, 0.378, 0.0]
            ]
        },
        {
            "name": "right_front_foot",
            "time": [0.0, 0.117, 0.25, 0.4, 0.65, 1.1, 2.0],
            "transform": [[0.937, -0.197, -0.288, 0.0, 0.01, 0.81, -0.587, 1.489, 0.349, 0.553, 0.757, 0.0],
                [0.985, -0.151, 0.081, 0.0, 0.172, 0.899, -0.403, 1.489, 0.012, 0.411, 0.912, 0.0],
                [0.977, -0.13, 0.171, 0.0, 0.192, 0.886, -0.423, 1.489, 0.096, 0.446, 0.89, 0.0],
                [0.52, 0.41, 0.75, 0.0, 0.375, 0.679, -0.631, 1.489, -0.768, 0.609, 0.199, 0.0],
                [0.993, 0.007, 0.117, 0.0, 0.116, 0.206, -0.972, 1.489, 0.017, 0.978, 0.206, 0.0],
                [0.99, 0.002, 0.139, 0.0, 0.138, 0.147, -0.979, 1.489, 0.019, 0.989, 0.146, 0.0],
                [0.97, 0.228, 0.081, 0.0, -0.106, 0.703, -0.703, 1.489, -0.217, 0.674, 0.707, 0.0]
            ]
        },
        {
            "name": "left_front_leg",
            "time": [0.0, 0.117, 0.25, 0.4, 0.55, 0.65, 1.0, 1.1, 2.0],
            "transform": [[0.466, -0.779, -0.42, -0.75, 0.044, -0.494, 0.868, 2.932, -0.884, -0.386, -0.264, -0.106],
                [0.533, -0.784, -0.319, -0.75, 0.028, -0.36, 0.932, 2.932, -0.846, -0.505, -0.17, -0.106],
                [0.555, -0.774, -0.305, -0.75, 0.025, -0.351, 0.936, 2.932, -0.832, -0.527, -0.176, -0.106],
                [0.067, -0.998, 0.022, -0.745, 0.134, 0.013, 0.991, 2.993, -0.989, 0.069, 0.133, -0.102],
                [0.061, -0.357, 0.932, -0.912, -0.261, 0.907, 0.33, 3.332, -0.964, -0.223, -0.148, -0.1],
                [0.959, 0.279, 0.049, -0.795, -0.282, 0.933, 0.222, 3.426, 0.016, -0.227, 0.974, 0.003],
                [0.873, 0.482, 0.078, -0.768, -0.471, 0.79, 0.393, 3.423, 0.128, -0.38, 0.916, 0.016],
                [0.873, 0.482, 0.078, -0.768, -0.471, 0.79, 0.393, 3.423, 0.128, -0.38, 0.916, 0.016],
                [0.977, -0.138, 0.164, -0.75, -0.214, -0.594, 0.776, 2.917, 0.01, -0.793, -0.609, -0.176]
            ]
        },
        {
            "name": "left_front_leg_tip",
            "time": [0.0, 0.117, 0.25, 0.4, 0.55, 0.65, 1.0, 1.1, 2.0],
            "transform": [[0.874, -0.373, -0.312, 0.0, 0.183, 0.846, -0.5, 1.253, 0.451, 0.38, 0.808, 0.0],
                [1.0, 0.014, 0.03, 0.0, 0.005, 0.955, -0.298, 1.253, 0.033, 0.297, 0.954, 0.0],
                [1.0, 0.0, 0.0, 0.0, 0.0, 0.957, -0.291, 1.253, 0.0, 0.291, 0.957, 0.0],
                [0.525, -0.505, -0.685, 0.0, 0.131, 0.843, -0.522, 1.253, 0.841, 0.184, 0.509, 0.0],
                [0.997, 0.034, 0.07, 0.0, 0.038, 0.997, 0.063, 1.253, 0.068, 0.066, 0.996, 0.0],
                [0.858, 0.435, 0.271, 0.0, -0.395, 0.898, -0.193, 1.253, -0.328, 0.058, 0.943, 0.0],
                [0.738, 0.587, 0.333, 0.0, -0.527, 0.809, -0.259, 1.253, -0.422, 0.016, 0.906, 0.0],
                [0.738, 0.587, 0.333, 0.0, -0.527, 0.809, -0.259, 1.253, -0.422, 0.016, 0.906, 0.0],
                [1, 0.001, 0.004, 0.0, 0.004, 0.289, -0.957, 1.253, 0.001, 0.957, 0.289, 0.0]
            ]
        },
        {
            "name": "left_front_foot",
            "time": [0.0, 0.117, 0.25, 0.4, 0.55, 0.65, 1.0, 1.1, 2.0],
            "transform": [[0.993, 0.112, 0.043, 0.0, -0.119, 0.966, 0.229, 1.489, 0.016, -0.232, 0.973, 0.0],
                [0.993, 0.121, 0.007, 0.0, -0.102, 0.805, 0.585, 1.489, 0.065, -0.581, 0.811, 0.0],
                [0.991, 0.13, 0.019, 0.0, 0.093, 0.795, 0.599, 1.489, 0.092, -0.592, 0.801, 0.0],
                [0.532, -0.195, 0.824, 0.0, 0.053, 0.964, 0.262, 1.489, -0.845, -0.183, 0.502, 0.0],
                [0.996, 0.04, 0.074, 0.0, 0.028, 0.988, -0.153, 1.489, 0.079, 0.151, 0.985, 0.0],
                [0.08, 0.428, 0.9, 0.0, 0.226, 0.872, -0.434, 1.489, -0.971, 0.238, 0.027, 0.0],
                [-0.163, 0.52, 0.838, 0.0, 0.321, 0.831, -0.453, 1.489, -0.933, 0.195, -0.303, 0.0],
                [-0.163, 0.52, 0.838, 0.0, 0.321, 0.831, -0.453, 1.489, -0.933, 0.195, -0.303, 0.0],
                [0.977, -0.213, 0.006, 0.0, 0.12, 0.572, -0.811, 1.489, 0.177, 0.792, 0.585, 0.0]
            ]
        },
        {
            "name": "right_wing",
            "time": [0.0, 0.117, 0.25, 0.4, 0.55, 1.1, 2.0],
            "transform": [[-0.484, 0.585, 0.651, 0.749, -0.672, -0.725, 0.152, 2.857, 0.561, -0.363, 0.744, 0.761],
                [-0.484, 0.585, 0.651, 0.749, -0.672, -0.725, 0.152, 2.857, 0.561, -0.363, 0.744, 0.761],
                [-0.484, 0.585, 0.651, 0.749, -0.672, -0.725, 0.152, 2.857, 0.561, -0.363, 0.744, 0.761],
                [-0.484, 0.585, 0.651, 0.749, -0.672, -0.725, 0.152, 2.857, 0.561, -0.363, 0.744, 0.761],
                [-0.454, 0.605, 0.654, 0.749, -0.664, -0.719, 0.204, 2.85, 0.594, -0.342, 0.729, 0.774],
                [-0.48, 0.589, 0.651, 0.749, -0.681, -0.717, 0.147, 2.857, 0.554, -0.373, 0.745, 0.761],
                [-0.377, 0.572, 0.728, 0.75, -0.684, -0.702, 0.197, 2.861, 0.624, -0.424, 0.656, 0.745]
            ]
        },
        {
            "name": "right_wing_tip",
            "time": [0.0, 0.117, 0.25, 0.4, 0.5, 0.65, 1.1, 2.0],
            "transform": [[0.807, 0.59, 0.032, 0.0, -0.59, 0.807, 0.011, 3.5, 0.019, 0.028, 1.0, 0.0],
                [0.807, 0.59, 0.032, 0.0, -0.59, 0.807, 0.011, 3.5, 0.019, 0.028, 1.0, 0.0],
                [0.807, 0.59, 0.032, 0.0, -0.59, 0.807, 0.011, 3.5, 0.019, 0.028, 1.0, 0.0],
                [0.807, 0.59, 0.032, 0.0, -0.59, 0.807, 0.011, 3.5, 0.019, 0.028, 1.0, 0.0],
                [0.807, 0.59, 0.032, 0.0, -0.59, 0.807, 0.011, 3.5, 0.019, 0.028, 1.0, 0.0],
                [0.807, 0.59, 0.032, 0.0, -0.59, 0.807, 0.011, 3.5, 0.019, 0.028, 1.0, 0.0],
                [0.807, 0.59, 0.032, 0.0, -0.59, 0.807, 0.011, 3.5, 0.019, 0.028, 1.0, 0.0],
                [0.817, 0.571, 0.084, 0.0, -0.574, 0.818, 0.023, 3.5, 0.056, 0.067, 0.996, 0.0]
            ]
        },
        {
            "name": "left_wing",
            "time": [0.0, 0.117, 0.25, 0.4, 0.55, 1.1, 2.0],
            "transform": [[-0.438, -0.569, -0.696, -0.75, 0.697, -0.704, 0.137, 2.866, -0.568, -0.426, 0.705, 0.729],
                [-0.438, -0.569, -0.696, -0.75, 0.697, -0.704, 0.137, 2.866, -0.568, -0.426, 0.705, 0.729],
                [-0.438, -0.569, -0.696, -0.75, 0.697, -0.704, 0.137, 2.866, -0.568, -0.426, 0.705, 0.729],
                [-0.438, -0.569, -0.696, -0.75, 0.697, -0.704, 0.137, 2.866, -0.568, -0.426, 0.705, 0.729],
                [-0.469, -0.549, -0.692, -0.75, 0.657, -0.74, 0.143, 2.872, -0.59, -0.388, 0.708, 0.715],
                [-0.393, -0.632, -0.668, -0.75, 0.735, -0.652, 0.184, 2.866, -0.552, -0.419, 0.721, 0.729],
                [-0.377, -0.572, -0.728, -0.751, 0.684, -0.702, 0.197, 2.861, -0.624, -0.424, 0.656, 0.745]
            ]
        },
        {
            "name": "left_wing_tip",
            "time": [0.0, 0.117, 0.25, 0.4, 0.5, 0.65, 1.1, 2.0],
            "transform": [[0.81, -0.586, 0.003, 0.0, 0.586, 0.81, 0.012, 3.5, 0.004, 0.012, 1, 0.0],
                [0.81, -0.586, 0.003, 0.0, 0.586, 0.81, 0.012, 3.5, 0.004, 0.012, 1, 0.0],
                [0.81, -0.586, 0.003, 0.0, 0.586, 0.81, 0.012, 3.5, 0.004, 0.012, 1, 0.0],
                [0.81, -0.586, 0.003, 0.0, 0.586, 0.81, 0.012, 3.5, 0.004, 0.012, 1, 0.0],
                [0.81, -0.586, 0.003, 0.0, 0.586, 0.81, 0.012, 3.5, 0.004, 0.012, 1, 0.0],
                [0.81, -0.586, 0.003, 0.0, 0.586, 0.81, 0.012, 3.5, 0.004, 0.012, 1, 0.0],
                [0.81, -0.586, 0.003, 0.0, 0.586, 0.81, 0.012, 3.5, 0.004, 0.012, 1, 0.0],
                [0.825, -0.564, 0.009, 0.0, 0.564, 0.825, 0.03, 3.5, 0.009, 0.03, 1.0, 0.0]
            ]
        },
        {
            "name": "neck",
            "time": [0.0, 0.117, 0.25, 0.4, 0.5, 0.65, 1.1, 2.0],
            "transform": [[0.983, -0.182, 0.034, 0.0, 0.176, 0.975, -0.137, 3.494, 0.058, 0.128, 0.99, 0.0],
                [1, 0.001, 0.007, 0.0, 0.002, 0.995, 0.099, 3.494, 0.007, 0.099, 0.995, 0.0],
                [1, 0.008, 0.01, 0.0, 0.009, 0.994, 0.108, 3.494, 0.009, -0.108, 0.994, 0.0],
                [0.998, 0.06, 0.025, 0.0, 0.062, 0.995, 0.083, 3.494, 0.02, 0.084, 0.996, 0.0],
                [1, 0.018, 0.001, 0.0, 0.018, 0.998, 0.06, 3.494, 0.001, 0.06, 0.998, 0.0],
                [0.609, 0.76, 0.224, 0.0, -0.784, 0.619, 0.031, 3.494, -0.116, -0.195, 0.974, 0.0],
                [0.476, 0.841, 0.258, 0.0, -0.871, 0.491, 0.01, 3.494, -0.118, -0.23, 0.966, 0.0],
                [1.0, 0.0, 0.0, 0.0, 0.0, 0.92, 0.392, 3.494, 0.0, -0.392, 0.92, 0.0]
            ]
        },
        {
            "name": "neck2",
            "time": [0.0, 0.117, 0.25, 0.4, 0.5, 0.65, 1.1, 2.0],
            "transform": [[0.996, 0.069, 0.05, 0.0, 0.061, 0.987, -0.151, 0.624, 0.059, 0.148, 0.987, 0.0],
                [1, 0.014, 0.025, 0.0, 0.008, 0.981, -0.194, 0.624, 0.028, 0.194, 0.981, 0.0],
                [1, 0.004, 0.021, 0.0, 0.0, 0.981, -0.196, 0.624, 0.022, 0.196, 0.98, 0.0],
                [1, 0.007, 0.021, 0.0, 0.003, 0.985, -0.175, 0.624, 0.022, 0.175, 0.984, 0.0],
                [0.998, 0.066, 0.007, 0.0, 0.066, 0.973, -0.223, 0.624, 0.007, 0.223, 0.975, 0.0],
                [0.998, 0.065, 0.005, 0.0, 0.065, 0.985, -0.157, 0.624, 0.005, 0.157, 0.988, 0.0],
                [0.998, 0.065, 0.005, 0.0, 0.065, 0.988, -0.142, 0.624, 0.005, 0.142, 0.99, 0.0],
                [1.0, 0.0, 0.0, 0.0, 0.0, 0.988, -0.151, 0.624, 0.0, 0.151, 0.988, 0.0]
            ]
        },
        {
            "name": "neck3",
            "time": [0.0, 0.117, 0.25, 0.4, 0.5, 0.65, 1.1, 2.0],
            "transform": [[1.0, 0.021, 0.033, 0.0, 0.017, 0.991, -0.129, 0.627, 0.035, 0.129, 0.991, 0.0],
                [0.997, 0.074, 0.011, 0.0, 0.072, 0.924, -0.376, 0.627, 0.018, 0.376, 0.926, 0.0],
                [0.997, 0.078, 0.011, 0.0, 0.076, 0.919, -0.386, 0.627, 0.02, 0.386, 0.922, 0.0],
                [1, 0.023, 0.018, 0.0, 0.028, 0.95, -0.311, 0.627, 0.009, 0.312, 0.95, 0.0],
                [0.994, -0.109, 0.021, 0.0, 0.109, 0.923, -0.368, 0.627, 0.021, 0.368, 0.93, 0.0],
                [0.99, -0.139, 0.023, 0.0, 0.139, 0.938, -0.317, 0.627, 0.023, 0.317, 0.948, 0.0],
                [0.99, -0.14, 0.022, 0.0, 0.14, 0.942, -0.305, 0.627, 0.022, 0.305, 0.952, 0.0],
                [1.0, 0.0, 0.0, 0.0, 0.0, 0.989, -0.149, 0.627, 0.0, 0.149, 0.989, 0.0]
            ]
        },
        {
            "name": "neck4",
            "time": [0.0, 0.117, 0.25, 0.4, 0.5, 0.65, 1.1, 2.0],
            "transform": [[1, 0.004, 0.013, 0.0, 0.003, 0.996, 0.091, 0.624, 0.014, 0.091, 0.996, 0.0],
                [1.0, 0.035, 0.011, 0.0, 0.037, 0.97, -0.24, 0.624, 0.002, 0.24, 0.971, 0.0],
                [1.0, 0.04, 0.011, 0.0, 0.042, 0.964, -0.261, 0.624, 0, 0.261, 0.965, 0.0],
                [1.0, 0.032, 0.011, 0.0, 0.034, 0.95, -0.311, 0.624, 0, 0.311, 0.95, 0.0],
                [0.994, -0.107, 0.02, 0.0, 0.107, 0.926, -0.361, 0.624, 0.02, 0.361, 0.932, 0.0],
                [0.989, -0.146, 0.025, 0.0, 0.146, 0.933, -0.328, 0.624, 0.025, 0.328, 0.944, 0.0],
                [0.989, -0.147, 0.024, 0.0, 0.147, 0.936, -0.32, 0.624, 0.024, 0.32, 0.947, 0.0],
                [1.0, 0.0, 0.0, 0.0, 0.0, 0.994, -0.109, 0.624, 0.0, 0.109, 0.994, 0.0]
            ]
        },
        {
            "name": "neck5",
            "time": [0.0, 0.117, 0.25, 0.4, 0.5, 0.65, 1.1, 2.0],
            "transform": [[1, 0.001, 0.003, 0.0, 0.001, 1.0, 0.047, 0.624, 0.002, 0.047, 1.0, 0.0],
                [1, 0.023, 0.003, 0.0, 0.023, 0.99, -0.141, 0.624, -0, 0.141, 0.99, 0.0],
                [1, 0.026, 0.003, 0.0, 0.026, 0.988, -0.155, 0.624, 0.001, 0.155, 0.988, 0.0],
                [1, 0.022, 0.003, 0.0, 0.023, 0.981, -0.192, 0.624, 0.001, 0.192, 0.981, 0.0],
                [0.998, 0.066, 0.007, 0.0, 0.066, 0.973, -0.222, 0.624, 0.007, 0.222, 0.975, 0.0],
                [0.996, 0.092, 0.01, 0.0, 0.092, 0.974, -0.206, 0.624, 0.01, 0.206, 0.979, 0.0],
                [0.996, 0.093, 0.01, 0.0, 0.093, 0.975, -0.202, 0.624, 0.01, 0.202, 0.979, 0.0],
                [1.0, 0.0, 0.0, 0.0, 0.0, 0.998, 0.064, 0.624, 0.0, 0.064, 0.998, 0.0]
            ]
        },
        {
            "name": "head",
            "time": [0.0, 0.117, 0.25, 0.4, 0.5, 0.65, 1.1, 2.0],
            "transform": [[0.928, 0.359, 0.103, 0.0, -0.351, 0.746, 0.566, 0.629, 0.126, -0.561, 0.818, 0.0],
                [0.964, 0.24, -0.117, 0.0, 0.094, 0.715, 0.692, 0.629, 0.25, -0.656, 0.712, 0.0],
                [0.971, 0.195, -0.141, 0.0, 0.036, 0.697, 0.717, 0.629, 0.238, -0.69, 0.683, 0.0],
                [0.995, 0.074, 0.074, 0.0, 0.007, 0.659, 0.752, 0.629, 0.104, -0.749, 0.654, 0.0],
                [0.996, 0.086, 0.008, 0.0, 0.041, 0.39, 0.92, 0.629, 0.076, -0.917, 0.392, 0.0],
                [0.542, -0.837, 0.08, 0.0, 0.637, 0.471, 0.61, 0.629, -0.548, -0.279, 0.788, 0.0],
                [0.348, -0.926, 0.146, 0.0, 0.769, 0.371, 0.521, 0.629, -0.537, 0.07, 0.841, 0.0],
                [1.0, 0.0, 0.0, 0.0, 0.0, 1, 0.009, 0.629, 0.0, 0.009, 1, 0.0]
            ]
        },
        {
            "name": "upperJaw",
            "time": [0.0, 0.117, 0.25, 0.4, 0.5, 0.65, 1.1, 2.0],
            "transform": [[1.0, 0.0, 0.0, 0.001, 0.0, 0.998, 0.056, 0.873, 0.0, 0.056, 0.998, -0.25],
                [1.0, 0.0, 0.0, 0.001, 0.0, 0.998, 0.056, 0.873, 0.0, 0.056, 0.998, -0.25],
                [1.0, 0.0, 0.0, 0.001, 0.0, 0.998, 0.056, 0.873, 0.0, 0.056, 0.998, -0.25],
                [1.0, 0.0, 0.0, 0.001, 0.0, 0.998, 0.056, 0.873, 0.0, 0.056, 0.998, -0.25],
                [1.0, 0.0, 0.0, 0.001, 0.0, 0.998, 0.056, 0.873, 0.0, 0.056, 0.998, -0.25],
                [1.0, 0.0, 0.0, 0.001, 0.0, 0.998, 0.056, 0.873, 0.0, 0.056, 0.998, -0.25],
                [1.0, 0.0, 0.0, 0.001, 0.0, 0.998, 0.056, 0.873, 0.0, 0.056, 0.998, -0.25],
                [1.0, 0.0, 0.0, 0.001, 0.0, 0.998, 0.056, 0.873, 0.0, 0.056, 0.998, -0.25]
            ]
        },
        {
            "name": "jaw",
            "time": [0.0, 0.117, 0.25, 0.4, 0.5, 0.65, 1.1, 2.0],
            "transform": [[1.0, 0.0, 0.0, 0.001, 0.0, 1.0, 0.0, 0.873, 0.0, 0.0, 1.0, -0.258],
                [1.0, 0.0, 0.0, 0.001, 0.0, 1.0, 0.0, 0.873, 0.0, 0.0, 1.0, -0.258],
                [1.0, 0.0, 0.0, 0.001, 0.0, 1.0, 0.0, 0.873, 0.0, 0.0, 1.0, -0.258],
                [1.0, 0.0, 0.0, 0.001, 0.0, 1.0, 0.0, 0.873, 0.0, 0.0, 1.0, -0.258],
                [1.0, 0.0, 0.0, 0.001, 0.0, 1.0, 0.0, 0.873, 0.0, 0.0, 1.0, -0.258],
                [1.0, 0.0, 0.0, 0.001, 0.0, 1.0, 0.0, 0.873, 0.0, 0.0, 1.0, -0.258],
                [1.0, 0.0, 0.0, 0.001, 0.0, 1.0, 0.0, 0.873, 0.0, 0.0, 1.0, -0.258],
                [1.0, 0.0, 0.0, 0.001, 0.0, 1.0, 0.0, 0.873, 0.0, 0.0, 1.0, -0.258]
            ]
        }
    ]
}