{
    "animation": [
        {
            "name": "root",
            "time": [0.0, 0.167, 0.417, 0.8, 1.017, 1.2, 1.433, 1.9],
            "transform": [[1.0, 0.0, 0.0, 0.0, 0.0, 0.949, -0.316, -1.357, 0.0, 0.316, 0.949, 2.143],
                [1.0, 0.0, 0.0, 0.0, 0.0, 0.947, -0.322, -1.953, 0.0, 0.322, 0.947, 1.936],
                [1.0, 0.0, 0.0, 0.0, 0.0, 0.946, -0.323, -2.011, 0.0, 0.323, 0.946, 1.915],
                [1.0, 0.0, 0.0, 0.0, 0.0, 1, 0.03, 7.484, 0.0, 0.03, 1, 6.149],
                [1.0, 0.0, 0.0, 0.0, 0.0, 1.0, 0.042, 11.691, 0.0, 0.042, 1.0, 3.638],
                [1.0, 0.0, 0.0, 0.0, 0.0, 0.985, 0.171, 14.509, 0.0, -0.171, 0.985, 1.45],
                [1.0, 0.0, 0.0, 0.0, 0.0, 0.985, 0.171, 15.266, 0.0, -0.171, 0.985, 1.45],
                [1.0, 0.0, 0.0, 0.0, 0.0, 0.985, 0.171, 15.266, 0.0, -0.171, 0.985, 1.45]
            ]
        },
        {
            "name": "right_hind_leg",
            "time": [0.0, 0.167, 0.417, 0.633, 0.8, 1.017, 1.2, 1.433, 1.9],
            "transform": [[0.892, 0.437, 0.117, 1, -0.426, 0.726, 0.54, 0.086, 0.151, -0.531, 0.834, -0.271],
                [0.919, 0.392, 0.023, 1, -0.383, 0.882, 0.274, 0.086, 0.087, -0.26, 0.962, -0.271],
                [0.922, 0.387, 0.015, 1, -0.378, 0.893, 0.245, 0.086, 0.081, -0.232, 0.969, -0.271],
                [0.85, 0.092, 0.518, 1, -0.189, -0.866, 0.463, 0.086, 0.491, -0.491, -0.719, -0.271],
                [0.994, 0.109, 0.001, 1, 0.103, -0.941, 0.324, 0.086, 0.034, -0.322, -0.946, -0.271],
                [1, 0.004, 0.004, 1, 0.006, -0.895, 0.447, 0.086, 0.002, -0.447, -0.895, -0.271],
                [1, 0.019, 0.011, 1, 0.021, -0.857, 0.515, 0.086, 0.001, -0.515, -0.857, -0.271],
                [1.0, 0.03, 0.024, 1, 0.039, -0.81, 0.586, 0.086, 0.002, -0.586, -0.81, -0.271],
                [1.0, 0.03, 0.024, 1, 0.039, -0.81, 0.586, 0.086, 0.002, -0.586, -0.81, -0.271]
            ]
        },
        {
            "name": "right_hind_leg_tip",
            "time": [0.0, 0.167, 0.417, 0.633, 0.8, 1.017, 1.2, 1.433, 1.9],
            "transform": [[0.919, 0.194, 0.344, 0.0, -0.178, -0.573, 0.8, 1.692, 0.352, -0.796, -0.492, 0.0],
                [0.944, 0.158, 0.289, 0.0, -0.113, -0.669, 0.734, 1.692, 0.309, -0.726, -0.614, 0.0],
                [0.946, 0.155, 0.284, 0.0, -0.107, -0.678, 0.727, 1.692, 0.305, -0.719, -0.625, 0.0],
                [1, 0, 0.018, 0.0, 0.001, 1, 0.007, 1.692, 0.018, 0.007, 1, 0.0],
                [1.0, 0.001, -0, 0.0, 0.001, 1, 0.002, 1.692, 0, 0.002, 1, 0.0],
                [0.968, 0.206, 0.141, 0.0, -0.198, 0.291, 0.936, 1.692, 0.151, -0.934, 0.323, 0.0],
                [0.987, 0.162, 0.021, 0.0, -0.14, 0.772, 0.62, 1.692, 0.084, -0.614, 0.785, 0.0],
                [0.991, 0.136, 0.003, 0.0, -0.12, 0.883, 0.453, 1.692, 0.064, -0.449, 0.891, 0.0],
                [0.991, 0.136, 0.003, 0.0, -0.12, 0.883, 0.453, 1.692, 0.064, -0.449, 0.891, 0.0]
            ]
        },
        {
            "name": "right_hind_foot",
            "time": [0.0, 0.167, 0.417, 0.633, 0.8, 1.017, 1.2, 1.433, 1.9],
            "transform": [[0.919, 0.048, 0.392, 0.0, 0.296, -0.741, -0.603, 2.16, 0.262, 0.67, -0.695, 0.0],
                [0.964, 0, 0.266, 0.0, 0.208, -0.624, -0.753, 2.16, 0.166, 0.781, -0.602, 0.0],
                [0.967, 0.003, 0.253, 0.0, 0.198, -0.611, -0.766, 2.16, 0.157, 0.791, -0.591, 0.0],
                [0.908, 0.099, 0.408, 0.0, 0.396, -0.528, -0.752, 2.16, 0.141, 0.844, -0.518, 0.0],
                [1.0, 0.0, 0.0, 0.0, 0.0, 0.983, -0.184, 2.16, 0.0, 0.184, 0.983, 0.0],
                [0.961, 0.04, 0.274, 0.0, 0.258, 0.485, -0.836, 2.16, -0.1, 0.874, 0.476, 0.0],
                [1.0, 0.0, 0.0, 0.0, 0.0, 0.995, 0.104, 2.16, 0.0, -0.104, 0.995, 0.0],
                [1.0, 0.0, 0.0, 0.0, 0.0, 0.983, -0.184, 2.16, 0.0, 0.184, 0.983, 0.0],
                [1.0, 0.0, 0.0, 0.0, 0.0, 0.983, -0.184, 2.16, 0.0, 0.184, 0.983, 0.0]
            ]
        },
        {
            "name": "left_hind_leg",
            "time": [0.0, 0.167, 0.417, 0.633, 0.8, 1.017, 1.2, 1.433, 1.9],
            "transform": [[0.837, -0.546, 0.026, -1, 0.483, 0.718, 0.501, 0.086, -0.255, -0.432, 0.865, -0.271],
                [0.857, -0.51, 0.079, -1, 0.504, 0.86, 0.083, 0.086, -0.11, 0.031, 0.993, -0.271],
                [0.859, -0.504, 0.088, -1, 0.502, 0.864, 0.04, 0.086, 0.096, 0.01, 0.995, -0.271],
                [0.856, 0.098, -0.508, -1, 0.22, -0.82, 0.529, 0.086, -0.469, -0.564, -0.679, -0.271],
                [0.994, 0.091, 0.057, -1, -0.104, -0.945, 0.31, 0.086, 0.026, -0.314, -0.949, -0.271],
                [0.993, 0.083, 0.079, -1, -0.11, -0.886, 0.45, 0.086, 0.033, -0.456, -0.889, -0.271],
                [0.994, 0.075, 0.075, -1, -0.103, -0.855, 0.508, 0.086, 0.026, -0.513, -0.858, -0.271],
                [0.994, 0.077, 0.082, -1, -0.11, -0.82, 0.562, 0.086, 0.024, -0.567, -0.823, -0.271],
                [0.994, 0.077, 0.082, -1, -0.11, -0.82, 0.562, 0.086, 0.024, -0.567, -0.823, -0.271]
            ]
        },
        {
            "name": "left_hind_leg_tip",
            "time": [0.0, 0.167, 0.417, 0.633, 0.8, 1.017, 1.2, 1.433, 1.9],
            "transform": [[1, 0.004, 0.003, 0.0, -0, -0.593, 0.805, 1.692, 0.005, -0.805, -0.593, 0.0],
                [1, 0.005, 0.003, 0.0, 0.001, -0.588, 0.809, 1.692, 0.006, -0.809, -0.588, 0.0],
                [1, 0.005, 0.003, 0.0, 0.001, -0.588, 0.809, 1.692, 0.006, -0.809, -0.588, 0.0],
                [1.0, 0.0, 0.0, 0.0, 0.0, 1, 0.01, 1.692, 0.0, 0.01, 1, 0.0],
                [1.0, 0.0, 0.0, 0.0, 0.0, 1, 0.002, 1.692, 0.0, 0.002, 1, 0.0],
                [1.0, 0.0, 0.0, 0.0, 0.0, 0.289, 0.957, 1.692, 0.0, -0.957, 0.289, 0.0],
                [1.0, 0.0, 0.0, 0.0, 0.0, 0.78, 0.626, 1.692, 0.0, -0.626, 0.78, 0.0],
                [1.0, 0.0, 0.0, 0.0, 0.0, 0.904, 0.428, 1.692, 0.0, -0.428, 0.904, 0.0],
                [1.0, 0.0, 0.0, 0.0, 0.0, 0.904, 0.428, 1.692, 0.0, -0.428, 0.904, 0.0]
            ]
        },
        {
            "name": "left_hind_foot",
            "time": [0.0, 0.167, 0.417, 0.633, 0.8, 1.017, 1.2, 1.433, 1.9],
            "transform": [[0.879, 0.468, 0.088, 0.0, 0.293, -0.677, -0.675, 2.16, -0.375, 0.568, -0.733, 0.0],
                [0.867, 0.495, 0.061, 0.0, 0.234, -0.297, -0.926, 2.16, -0.44, 0.817, -0.373, 0.0],
                [0.866, 0.494, 0.076, 0.0, 0.227, -0.255, -0.94, 2.16, -0.445, 0.832, -0.333, 0.0],
                [0.901, 0.071, -0.428, 0.0, -0.272, -0.675, -0.685, 2.16, -0.337, 0.734, -0.589, 0.0],
                [1.0, 0.0, 0.0, 0.0, 0.0, 0.983, -0.184, 2.16, 0.0, 0.184, 0.983, 0.0],
                [0.991, 0.005, -0.131, 0.0, -0.118, 0.47, -0.875, 2.16, 0.057, 0.883, 0.467, 0.0],
                [1.0, 0.0, 0.0, 0.0, 0.0, 0.995, 0.104, 2.16, 0.0, -0.104, 0.995, 0.0],
                [1.0, 0.0, 0.0, 0.0, 0.0, 0.983, -0.184, 2.16, 0.0, 0.184, 0.983, 0.0],
                [1.0, 0.0, 0.0, 0.0, 0.0, 0.983, -0.184, 2.16, 0.0, 0.184, 0.983, 0.0]
            ]
        },
        {
            "name": "body",
            "time": [0.0, 0.417, 0.8, 1.017, 1.2, 1.9],
            "transform": [[1.0, 0.0, 0.0, 0.0, 0.0, 1, 0.017, 0.274, 0.0, 0.017, 1, 0.0],
                [1.0, 0.0, 0.0, 0.0, 0.0, 1, 0.017, 0.274, 0.0, 0.017, 1, 0.0],
                [1.0, 0.0, 0.0, 0.0, 0.0, 1, 0.017, 0.274, 0.0, 0.017, 1, 0.0],
                [1.0, 0.0, 0.0, 0.0, 0.0, 1, 0.017, 0.274, 0.0, 0.017, 1, 0.0],
                [1.0, 0.0, 0.0, 0.0, 0.0, 1, 0.017, 0.274, 0.0, 0.017, 1, 0.0],
                [1.0, 0.0, 0.0, 0.0, 0.0, 1, 0.017, 0.274, 0.0, 0.017, 1, 0.0]
            ]
        },
        {
            "name": "neck_tail_1",
            "time": [0.0, 0.417, 0.8, 1.017, 1.2, 1.433, 1.9],
            "transform": [[-1.0, 0.0, 0.0, 0.0, 0.0, -0.935, -0.354, -0.516, 0.0, -0.354, 0.935, 0.429],
                [-1.0, 0.0, 0.0, 0.0, 0.0, -1, 0.018, -0.516, 0.0, 0.018, 1, 0.429],
                [-1, 0.011, 0.003, 0.0, 0.01, -0.942, -0.337, -0.516, 0.006, -0.337, 0.942, 0.429],
                [-1.0, 0.0, 0.0, 0.0, 0.0, -0.729, -0.685, -0.516, 0.0, -0.685, 0.729, 0.429],
                [-1.0, 0.0, 0.0, 0.0, 0.0, -0.481, -0.877, -0.516, 0.0, -0.877, 0.481, 0.429],
                [-1.0, 0.0, 0.0, 0.0, 0.0, -0.481, -0.877, -0.516, 0.0, -0.877, 0.481, 0.429],
                [-1.0, 0.0, 0.0, 0.0, 0.0, -0.481, -0.877, -0.516, 0.0, -0.877, 0.481, 0.429]
            ]
        },
        {
            "name": "neck_tail_2",
            "time": [0.0, 0.417, 0.8, 1.017, 1.2, 1.433, 1.9],
            "transform": [[1, 0.0, 0.0, 0.0, 0.0, 0.996, 0.091, 0.616, 0.0, 0.091, 0.996, 0.0],
                [1, 0.0, 0.0, 0.0, 0.0, 1.0, 0.041, 0.616, 0.0, 0.041, 1.0, 0.0],
                [1, 0.012, 0, 0.0, 0.011, 0.955, 0.295, 0.616, 0.003, -0.295, 0.955, 0.0],
                [1, 0.0, 0.0, 0.0, 0.0, 1.0, 0.037, 0.616, 0.0, 0.037, 1.0, 0.0],
                [1, 0.0, 0.0, 0.0, 0.0, 0.965, -0.264, 0.616, 0.0, 0.264, 0.965, 0.0],
                [1, 0.0, 0.0, 0.0, 0.0, 0.965, -0.264, 0.616, 0.0, 0.264, 0.965, 0.0],
                [1, 0.0, 0.0, 0.0, 0.0, 0.965, -0.264, 0.616, 0.0, 0.264, 0.965, 0.0]
            ]
        },
        {
            "name": "neck_tail_3",
            "time": [0.0, 0.417, 0.8, 1.017, 1.2, 1.433, 1.9],
            "transform": [[1.0, 0.0, 0.0, 0.0, 0.0, 0.992, -0.125, 0.625, 0.0, 0.125, 0.992, 0.0],
                [1.0, 0.0, 0.0, 0.0, 0.0, 0.994, -0.105, 0.625, 0.0, 0.105, 0.994, 0.0],
                [1, 0.011, 0.002, 0.0, 0.011, 0.973, 0.229, 0.625, 0, -0.229, 0.973, 0.0],
                [1.0, 0.0, 0.0, 0.0, 0.0, 1.0, 0.046, 0.625, 0.0, 0.046, 1.0, 0.0],
                [1.0, 0.0, 0.0, 0.0, 0.0, 0.98, -0.199, 0.625, 0.0, 0.199, 0.98, 0.0],
                [1.0, 0.0, 0.0, 0.0, 0.0, 0.98, -0.199, 0.625, 0.0, 0.199, 0.98, 0.0],
                [1.0, 0.0, 0.0, 0.0, 0.0, 0.98, -0.199, 0.625, 0.0, 0.199, 0.98, 0.0]
            ]
        },
        {
            "name": "neck_tail_4",
            "time": [0.0, 0.417, 0.8, 1.017, 1.2, 1.433, 1.9],
            "transform": [[1.0, 0.0, 0.0, 0.0, 0.0, 0.988, -0.156, 0.626, 0.0, 0.156, 0.988, 0.0],
                [1.0, 0.0, 0.0, 0.0, 0.0, 0.986, -0.164, 0.626, 0.0, 0.164, 0.986, 0.0],
                [1, 0.01, 0.003, 0.0, 0.01, 0.989, 0.148, 0.626, 0.002, -0.148, 0.989, 0.0],
                [1.0, 0.0, 0.0, 0.0, 0.0, 0.998, 0.057, 0.626, 0.0, 0.057, 0.998, 0.0],
                [1.0, 0.0, 0.0, 0.0, 0.0, 0.989, -0.147, 0.626, 0.0, 0.147, 0.989, 0.0],
                [1.0, 0.0, 0.0, 0.0, 0.0, 0.989, -0.147, 0.626, 0.0, 0.147, 0.989, 0.0],
                [1.0, 0.0, 0.0, 0.0, 0.0, 0.989, -0.147, 0.626, 0.0, 0.147, 0.989, 0.0]
            ]
        },
        {
            "name": "neck_tail_5",
            "time": [0.0, 0.417, 0.8, 1.017, 1.2, 1.433, 1.9],
            "transform": [[1.0, 0.0, 0.0, 0.0, 0.0, 0.984, -0.18, 0.625, 0.0, 0.18, 0.984, 0.0],
                [1.0, 0.0, 0.0, 0.0, 0.0, 0.977, -0.212, 0.625, 0.0, 0.212, 0.977, 0.0],
                [1, 0.009, 0.004, 0.0, 0.009, 0.998, 0.058, 0.625, 0.003, 0.058, 0.998, 0.0],
                [1.0, 0.0, 0.0, 0.0, 0.0, 0.998, 0.069, 0.625, 0.0, 0.069, 0.998, 0.0],
                [1.0, 0.0, 0.0, 0.0, 0.0, 0.994, -0.105, 0.625, 0.0, 0.105, 0.994, 0.0],
                [1.0, 0.0, 0.0, 0.0, 0.0, 0.994, -0.105, 0.625, 0.0, 0.105, 0.994, 0.0],
                [1.0, 0.0, 0.0, 0.0, 0.0, 0.994, -0.105, 0.625, 0.0, 0.105, 0.994, 0.0]
            ]
        },
        {
            "name": "neck_tail_6",
            "time": [0.0, 0.417, 0.8, 1.017, 1.2, 1.9],
            "transform": [[1.0, 0.0, 0.0, 0.0, 0.0, 0.981, -0.194, 0.623, 0.0, 0.194, 0.981, 0.0],
                [1.0, 0.0, 0.0, 0.0, 0.0, 0.97, -0.243, 0.623, 0.0, 0.243, 0.97, 0.0],
                [1, 0.009, 0.003, 0.0, 0.008, 0.995, -0.104, 0.623, 0.004, 0.104, 0.995, 0.0],
                [1.0, 0.0, 0.0, 0.0, 0.0, 0.994, -0.113, 0.623, 0.0, 0.113, 0.994, 0.0],
                [1.0, 0.0, 0.0, 0.0, 0.0, 0.997, 0.073, 0.623, 0.0, 0.073, 0.997, 0.0],
                [1.0, 0.0, 0.0, 0.0, 0.0, 0.997, 0.073, 0.623, 0.0, 0.073, 0.997, 0.0]
            ]
        },
        {
            "name": "neck_tail_7",
            "time": [0.0, 0.417, 0.8, 1.017, 1.2, 1.433, 1.9],
            "transform": [[1.0, 0.0, 0.0, 0.0, 0.0, 0.981, -0.196, 0.625, 0.0, 0.196, 0.981, 0.0],
                [1.0, 0.0, 0.0, 0.0, 0.0, 0.966, -0.257, 0.625, 0.0, 0.257, 0.966, 0.0],
                [1, 0.008, 0.002, 0.0, 0.008, 0.99, -0.138, 0.625, 0.003, 0.138, 0.99, 0.0],
                [1.0, 0.0, 0.0, 0.0, 0.0, 0.994, -0.107, 0.625, 0.0, 0.107, 0.994, 0.0],
                [1.0, 0.0, 0.0, 0.0, 0.0, 1.0, 0.048, 0.625, 0.0, 0.048, 1.0, 0.0],
                [1.0, 0.0, 0.0, 0.0, 0.0, 1.0, 0.048, 0.625, 0.0, 0.048, 1.0, 0.0],
                [1.0, 0.0, 0.0, 0.0, 0.0, 1.0, 0.048, 0.625, 0.0, 0.048, 1.0, 0.0]
            ]
        },
        {
            "name": "neck_tail_8",
            "time": [0.0, 0.417, 0.8, 1.017, 1.2, 1.9],
            "transform": [[1.0, 0.0, 0.0, 0.0, 0.0, 0.982, -0.186, 0.625, 0.0, 0.186, 0.982, 0.0],
                [1.0, 0.0, 0.0, 0.0, 0.0, 0.968, -0.251, 0.625, 0.0, 0.251, 0.968, 0.0],
                [1, 0.007, 0.001, 0.0, 0.007, 0.988, -0.151, 0.625, 0.002, 0.151, 0.988, 0.0],
                [1.0, 0.0, 0.0, 0.0, 0.0, 0.995, 0.096, 0.625, 0.0, 0.096, 0.995, 0.0],
                [1.0, 0.0, 0.0, 0.0, 0.0, 1, 0.031, 0.625, 0.0, 0.031, 1, 0.0],
                [1.0, 0.0, 0.0, 0.0, 0.0, 1, 0.031, 0.625, 0.0, 0.031, 1, 0.0]
            ]
        },
        {
            "name": "neck_tail_9",
            "time": [0.0, 0.417, 0.8, 1.017, 1.2, 1.9],
            "transform": [[1.0, 0.0, 0.0, 0.0, 0.0, 0.987, -0.16, 0.625, 0.0, 0.16, 0.987, 0.0],
                [1.0, 0.0, 0.0, 0.0, 0.0, 0.974, -0.227, 0.625, 0.0, 0.227, 0.974, 0.0],
                [1, 0.006, 0, 0.0, 0.006, 0.989, -0.145, 0.625, 0.001, 0.145, 0.989, 0.0],
                [1.0, 0.0, 0.0, 0.0, 0.0, 0.997, 0.081, 0.625, 0.0, 0.081, 0.997, 0.0],
                [1.0, 0.0, 0.0, 0.0, 0.0, 1, 0.019, 0.625, 0.0, 0.019, 1, 0.0],
                [1.0, 0.0, 0.0, 0.0, 0.0, 1, 0.019, 0.625, 0.0, 0.019, 1, 0.0]
            ]
        },
        {
            "name": "neck_tail_10",
            "time": [0.0, 0.417, 0.8, 1.017, 1.2, 1.433, 1.9],
            "transform": [[1.0, 0.0, 0.0, 0.0, 0.0, 0.993, -0.118, 0.626, 0.0, 0.118, 0.993, 0.0],
                [1.0, 0.0, 0.0, 0.0, 0.0, 0.983, -0.186, 0.626, 0.0, 0.186, 0.983, 0.0],
                [1, 0.004, 0, 0.0, 0.004, 0.992, -0.123, 0.626, 0.001, 0.123, 0.992, 0.0],
                [1.0, 0.0, 0.0, 0.0, 0.0, 0.998, 0.063, 0.626, 0.0, 0.063, 0.998, 0.0],
                [1.0, 0.0, 0.0, 0.0, 0.0, 1, 0.011, 0.626, 0.0, 0.011, 1, 0.0],
                [1.0, 0.0, 0.0, 0.0, 0.0, 1, 0.011, 0.626, 0.0, 0.011, 1, 0.0],
                [1.0, 0.0, 0.0, 0.0, 0.0, 1, 0.011, 0.626, 0.0, 0.011, 1, 0.0]
            ]
        },
        {
            "name": "neck_tail_11",
            "time": [0.0, 0.417, 0.8, 1.017, 1.2, 1.433, 1.9],
            "transform": [[1.0, 0.0, 0.0, 0.0, 0.0, 0.996, 0.085, 0.625, 0.0, 0.085, 0.996, 0.0],
                [1.0, 0.0, 0.0, 0.0, 0.0, 0.991, -0.131, 0.625, 0.0, 0.131, 0.991, 0.0],
                [1, 0.003, 0.0, 0.0, 0.003, 0.996, 0.089, 0.625, -0, 0.089, 0.996, 0.0],
                [1.0, 0.0, 0.0, 0.0, 0.0, 1.0, 0.043, 0.625, 0.0, 0.043, 1.0, 0.0],
                [1.0, 0.0, 0.0, 0.0, 0.0, 1, 0.006, 0.625, 0.0, 0.006, 1, 0.0],
                [1.0, 0.0, 0.0, 0.0, 0.0, 1, 0.006, 0.625, 0.0, 0.006, 1, 0.0],
                [1.0, 0.0, 0.0, 0.0, 0.0, 1, 0.006, 0.625, 0.0, 0.006, 1, 0.0]
            ]
        },
        {
            "name": "neck_tail_12",
            "time": [0.0, 0.417, 0.8, 1.017, 1.2, 1.433, 1.9],
            "transform": [[1.0, 0.0, 0.0, 0.0, 0.0, 1.0, 0.046, 0.625, 0.0, 0.046, 1.0, 0.0],
                [1.0, 0.0, 0.0, 0.0, 0.0, 0.998, 0.068, 0.625, 0.0, 0.068, 0.998, 0.0],
                [1, 0.001, 0.0, 0.0, 0.001, 1.0, 0.046, 0.625, 0.0, 0.046, 1.0, 0.0],
                [1.0, 0.0, 0.0, 0.0, 0.0, 1, 0.022, 0.625, 0.0, 0.022, 1, 0.0],
                [1.0, 0.0, 0.0, 0.0, 0.0, 1, 0.002, 0.625, 0.0, 0.002, 1, 0.0],
                [1.0, 0.0, 0.0, 0.0, 0.0, 1, 0.002, 0.625, 0.0, 0.002, 1, 0.0],
                [1.0, 0.0, 0.0, 0.0, 0.0, 1, 0.002, 0.625, 0.0, 0.002, 1, 0.0]
            ]
        },
        {
            "name": "right_front_leg",
            "time": [0.0, 0.467, 0.633, 0.8, 1.2, 1.433, 1.9],
            "transform": [[0.79, 0.505, 0.347, 0.75, 0.233, -0.771, 0.592, 3.021, 0.567, -0.387, -0.727, 0.347],
                [0.67, 0.688, 0.279, 0.75, 0.276, -0.58, 0.767, 3.022, 0.689, -0.436, -0.578, 0.353],
                [-0.798, 0.501, -0.335, 0.75, 0.308, 0.816, 0.489, 3.022, 0.519, 0.287, -0.806, 0.353],
                [0.228, 0.039, -0.973, 0.75, 0.035, 0.998, 0.048, 3.022, 0.973, 0.045, 0.226, 0.353],
                [0.888, 0.028, -0.459, 0.75, 0.197, 0.925, 0.325, 3.022, 0.415, -0.378, 0.827, 0.353],
                [0.379, 0.634, -0.674, 0.75, 0.23, 0.64, 0.733, 3.022, 0.896, -0.433, 0.096, 0.353],
                [0.379, 0.634, -0.674, 0.75, 0.23, 0.64, 0.733, 3.022, 0.896, -0.433, 0.096, 0.353]
            ]
        },
        {
            "name": "right_front_leg_tip",
            "time": [0.0, 0.467, 0.633, 0.8, 1.2, 1.433, 1.9],
            "transform": [[0.166, 0.377, 0.911, 0.0, 0.857, 0.402, -0.322, 1.253, -0.488, 0.834, -0.256, 0.0],
                [0.142, 0.445, 0.884, 0.0, 0.82, 0.448, -0.356, 1.253, -0.554, 0.776, -0.301, 0.0],
                [-0.958, 0.268, 0.1, 0.0, 0.281, 0.821, 0.497, 1.253, 0.051, 0.504, -0.862, 0.0],
                [1.0, 0.001, 0.041, 0.0, 0.001, 1, 0.002, 1.253, 0.041, 0.002, 1.0, 0.0],
                [0.996, 0.032, 0.088, 0.0, 0.014, 0.98, -0.198, 1.253, 0.092, 0.196, 0.976, 0.0],
                [0.913, -0.28, 0.297, 0.0, 0.348, 0.155, -0.925, 1.253, 0.213, 0.948, 0.238, 0.0],
                [0.913, -0.28, 0.297, 0.0, 0.348, 0.155, -0.925, 1.253, 0.213, 0.948, 0.238, 0.0]
            ]
        },
        {
            "name": "right_front_foot",
            "time": [0.0, 0.467, 0.633, 0.8, 1.2, 1.433, 1.9],
            "transform": [[0.635, -0.678, 0.371, 0.0, 0.656, 0.727, 0.205, 1.489, -0.409, 0.113, 0.906, 0.0],
                [0.635, -0.678, 0.371, 0.0, 0.656, 0.727, 0.205, 1.489, -0.409, 0.113, 0.906, 0.0],
                [0.857, 0.033, 0.514, 0.0, 0.42, 0.621, -0.662, 1.489, -0.297, 0.783, 0.546, 0.0],
                [0.01, 0.765, 0.644, 0.0, 0.111, 0.641, -0.759, 1.489, -0.994, 0.064, 0.092, 0.0],
                [0.947, 0.064, 0.315, 0.0, 0.052, 0.937, -0.346, 1.489, -0.317, 0.344, 0.884, 0.0],
                [0.62, 0.52, 0.588, 0.0, -0.401, 0.854, -0.332, 1.489, -0.675, 0.03, 0.738, 0.0],
                [0.62, 0.52, 0.588, 0.0, -0.401, 0.854, -0.332, 1.489, -0.675, 0.03, 0.738, 0.0]
            ]
        },
        {
            "name": "left_front_leg",
            "time": [0.0, 0.467, 0.633, 0.8, 1.2, 1.433, 1.9],
            "transform": [[0.73, -0.67, -0.135, -0.75, -0.571, -0.707, 0.418, 3.021, -0.375, -0.228, -0.898, 0.347],
                [0.585, -0.803, -0.113, -0.75, -0.643, -0.545, 0.538, 3.022, -0.494, -0.242, -0.835, 0.353],
                [-0.75, -0.421, 0.51, -0.75, -0.145, 0.857, 0.494, 3.022, -0.646, 0.296, -0.704, 0.353],
                [0.313, 0.017, 0.949, -0.75, 0.035, 1.0, 0.029, 3.022, -0.949, 0.042, 0.312, 0.353],
                [0.857, 0.005, 0.516, -0.75, -0.217, 0.911, 0.351, 3.022, -0.468, -0.412, 0.781, 0.353],
                [0.296, -0.641, 0.708, -0.75, -0.323, 0.63, 0.706, 3.022, -0.899, -0.437, 0.02, 0.353],
                [0.296, -0.641, 0.708, -0.75, -0.323, 0.63, 0.706, 3.022, -0.899, -0.437, 0.02, 0.353]
            ]
        },
        {
            "name": "left_front_leg_tip",
            "time": [0.0, 0.467, 0.633, 0.8, 1.2, 1.433, 1.9],
            "transform": [[0.304, -0.306, -0.902, 0.0, -0.795, 0.44, -0.418, 1.253, 0.525, 0.844, -0.109, 0.0],
                [0.283, -0.406, -0.869, 0.0, -0.752, 0.469, -0.464, 1.253, 0.596, 0.784, -0.173, 0.0],
                [0.109, 0.043, -0.993, 0.0, -0.437, 0.895, 0.087, 1.253, 0.893, 0.443, 0.079, 0.0],
                [0.997, -0, 0.074, 0.0, 0, 1, 0.001, 1.253, 0.074, 0.001, 0.997, 0.0],
                [0.994, 0.039, -0.102, 0.0, 0.01, 0.964, -0.264, 1.253, 0.109, 0.261, 0.959, 0.0],
                [0.972, 0.135, -0.194, 0.0, -0.212, 0.131, -0.968, 1.253, -0.106, 0.982, 0.156, 0.0],
                [0.972, 0.135, -0.194, 0.0, -0.212, 0.131, -0.968, 1.253, -0.106, 0.982, 0.156, 0.0]
            ]
        },
        {
            "name": "left_front_foot",
            "time": [0.0, 0.467, 0.633, 0.8, 1.2, 1.433, 1.9],
            "transform": [[0.628, 0.495, -0.6, 0.0, -0.734, 0.634, -0.245, 1.489, 0.259, 0.594, 0.761, 0.0],
                [0.628, 0.495, -0.6, 0.0, -0.734, 0.634, -0.245, 1.489, 0.259, 0.594, 0.761, 0.0],
                [-0.407, -0.73, -0.55, 0.0, -0.451, 0.684, -0.573, 1.489, 0.794, 0.015, -0.607, 0.0],
                [0.055, -0.774, -0.631, 0.0, 0.099, 0.633, -0.768, 1.489, 0.994, 0.02, -0.111, 0.0],
                [0.935, 0.012, -0.353, 0.0, -0.111, 0.938, -0.328, 1.489, 0.335, 0.346, 0.876, 0.0],
                [0.563, -0.451, -0.693, 0.0, 0.335, 0.891, -0.307, 1.489, 0.756, 0.059, 0.652, 0.0],
                [0.563, -0.451, -0.693, 0.0, 0.335, 0.891, -0.307, 1.489, 0.756, 0.059, 0.652, 0.0]
            ]
        },
        {
            "name": "right_wing",
            "time": [0.0, 0.167, 0.317, 0.733, 1.15, 1.433, 1.9],
            "transform": [[0.094, 0.984, 0.152, 0.75, -0.834, -0.161, 0.527, 2.861, 0.543, 0.077, 0.836, 0.745],
                [0.063, 0.637, -0.768, 0.75, -0.648, 0.559, 0.517, 2.861, 0.759, 0.53, 0.378, 0.745],
                [0.09, 0.477, -0.874, 0.75, -0.609, 0.669, 0.427, 2.861, 0.788, 0.57, 0.23, 0.745],
                [0.011, 0.459, 0.888, 0.75, -0.752, -0.582, 0.31, 2.861, 0.659, -0.671, 0.339, 0.745],
                [-0.525, 0.741, 0.418, 0.75, -0.826, -0.562, 0.04, 2.861, 0.206, -0.366, 0.908, 0.745],
                [-0.564, 0.707, 0.427, 0.75, -0.775, -0.631, 0.023, 2.861, 0.286, -0.318, 0.904, 0.745],
                [-0.564, 0.707, 0.427, 0.75, -0.775, -0.631, 0.023, 2.861, 0.286, -0.318, 0.904, 0.745]
            ]
        },
        {
            "name": "right_wing_tip",
            "time": [0.0, 0.417, 0.8, 1.15, 1.9],
            "transform": [[0.958, 0.285, 0.03, 0.0, -0.284, 0.935, -0.21, 3.5, 0.032, 0.209, 0.977, 0.0],
                [1, 0.001, 0.002, 0.0, 0.001, 0.819, -0.574, 3.5, 0.002, 0.574, 0.819, 0.0],
                [1, 0.007, 0.014, 0.0, 0.001, 0.858, 0.514, 3.5, 0.016, -0.514, 0.858, 0.0],
                [0.842, 0.539, -0, 0.0, -0.539, 0.842, -0, 3.5, 0, 0, 1.0, 0.0],
                [0.842, 0.539, -0, 0.0, -0.539, 0.842, -0, 3.5, 0, 0, 1.0, 0.0]
            ]
        },
        {
            "name": "left_wing",
            "time": [0.0, 0.167, 0.317, 0.733, 1.15, 1.433, 1.9],
            "transform": [[0.075, -0.993, 0.087, -0.751, 0.837, -0.11, 0.537, 2.861, -0.542, 0.032, 0.839, 0.745],
                [0.056, -0.507, 0.86, -0.751, 0.651, 0.635, 0.417, 2.861, -0.757, 0.583, 0.294, 0.745],
                [0.087, -0.321, 0.943, -0.751, 0.614, 0.728, 0.305, 2.861, -0.784, 0.606, 0.134, 0.745],
                [0.01, -0.441, -0.897, -0.751, 0.752, -0.588, 0.298, 2.861, -0.659, -0.678, 0.326, 0.745],
                [-0.554, -0.705, -0.443, -0.751, 0.802, -0.595, 0.056, 2.861, -0.224, -0.386, 0.895, 0.745],
                [-0.591, -0.669, -0.451, -0.751, 0.748, -0.664, 0.004, 2.861, -0.302, -0.335, 0.893, 0.745],
                [-0.591, -0.669, -0.451, -0.751, 0.748, -0.664, 0.004, 2.861, -0.302, -0.335, 0.893, 0.745]
            ]
        },
        {
            "name": "left_wing_tip",
            "time": [0.0, 0.417, 0.8, 1.15, 1.9],
            "transform": [[0.958, -0.285, 0.03, 0.0, 0.285, 0.935, -0.21, 3.5, 0.032, 0.209, 0.977, 0.0],
                [1, -0, 0.003, 0.0, 0.001, 0.819, -0.574, 3.5, 0.002, 0.574, 0.819, 0.0],
                [1, 0.002, 0.002, 0.0, 0.001, 0.874, 0.487, 3.5, 0.003, -0.487, 0.873, 0.0],
                [0.833, -0.554, 0, 0.0, 0.554, 0.833, -0, 3.5, 0.0, 0.001, 1.0, 0.0],
                [0.833, -0.554, 0, 0.0, 0.554, 0.833, -0, 3.5, 0.0, 0.001, 1.0, 0.0]
            ]
        },
        {
            "name": "neck",
            "time": [0.0, 0.167, 0.417, 0.8, 1.017, 1.2, 1.433, 1.9],
            "transform": [[1.0, 0.0, 0.0, 0.0, 0.0, 0.987, -0.159, 3.494, 0.0, 0.159, 0.987, 0.0],
                [1.0, 0.0, 0.0, 0.0, 0.0, 0.977, -0.214, 3.494, 0.0, 0.214, 0.977, 0.0],
                [1.0, 0.0, 0.0, 0.0, 0.0, 0.976, -0.219, 3.494, 0.0, 0.219, 0.976, 0.0],
                [1.0, 0.0, 0.0, 0.0, 0.0, 0.98, -0.197, 3.494, 0.0, 0.197, 0.98, 0.0],
                [1.0, 0.0, 0.0, 0.0, 0.0, 0.974, -0.229, 3.494, 0.0, 0.229, 0.974, 0.0],
                [1.0, 0.0, 0.0, 0.0, 0.0, 0.783, -0.621, 3.494, 0.0, 0.621, 0.783, 0.0],
                [1.0, 0.0, 0.0, 0.0, 0.0, 0.783, -0.621, 3.494, 0.0, 0.621, 0.783, 0.0],
                [1.0, 0.0, 0.0, 0.0, 0.0, 0.783, -0.621, 3.494, 0.0, 0.621, 0.783, 0.0]
            ]
        },
        {
            "name": "neck2",
            "time": [0.0, 0.167, 0.417, 0.8, 1.017, 1.2, 1.9],
            "transform": [[1.0, 0.0, 0.0, 0.0, 0.0, 0.997, 0.074, 0.624, 0.0, 0.074, 0.997, 0.0],
                [1.0, 0.0, 0.0, 0.0, 0.0, 0.996, 0.094, 0.624, 0.0, 0.094, 0.996, 0.0],
                [1.0, 0.0, 0.0, 0.0, 0.0, 0.995, 0.096, 0.624, 0.0, 0.096, 0.995, 0.0],
                [1.0, 0.0, 0.0, 0.0, 0.0, 1, 0.012, 0.624, 0.0, 0.012, 1, 0.0],
                [1.0, 0.0, 0.0, 0.0, 0.0, 1, 0.014, 0.624, 0.0, 0.014, 1, 0.0],
                [1.0, 0.0, 0.0, 0.0, 0.0, 0.995, 0.095, 0.624, 0.0, 0.095, 0.995, 0.0],
                [1.0, 0.0, 0.0, 0.0, 0.0, 0.995, 0.095, 0.624, 0.0, 0.095, 0.995, 0.0]
            ]
        },
        {
            "name": "neck3",
            "time": [0.0, 0.167, 0.417, 0.8, 1.017, 1.2, 1.433, 1.9],
            "transform": [[1.0, 0.0, 0.0, 0.0, 0.0, 0.964, 0.265, 0.627, 0.0, -0.265, 0.964, 0.0],
                [1.0, 0.0, 0.0, 0.0, 0.0, 0.955, 0.297, 0.627, 0.0, -0.297, 0.955, 0.0],
                [1.0, 0.0, 0.0, 0.0, 0.0, 0.954, 0.3, 0.627, 0.0, -0.3, 0.954, 0.0],
                [1.0, 0.0, 0.0, 0.0, 0.0, 0.997, 0.071, 0.627, 0.0, 0.071, 0.997, 0.0],
                [1.0, 0.0, 0.0, 0.0, 0.0, 0.998, 0.059, 0.627, 0.0, 0.059, 0.998, 0.0],
                [1.0, 0.0, 0.0, 0.0, 0.0, 0.939, 0.344, 0.627, 0.0, -0.344, 0.939, 0.0],
                [1.0, 0.0, 0.0, 0.0, 0.0, 0.939, 0.344, 0.627, 0.0, -0.344, 0.939, 0.0],
                [1.0, 0.0, 0.0, 0.0, 0.0, 0.939, 0.344, 0.627, 0.0, -0.344, 0.939, 0.0]
            ]
        },
        {
            "name": "neck4",
            "time": [0.0, 0.167, 0.417, 0.8, 1.017, 1.2, 1.433, 1.9],
            "transform": [[1.0, 0.0, 0.0, 0.0, 0.0, 0.958, 0.287, 0.624, 0.0, -0.287, 0.958, 0.0],
                [1.0, 0.0, 0.0, 0.0, 0.0, 0.943, 0.333, 0.624, 0.0, -0.333, 0.943, 0.0],
                [1.0, 0.0, 0.0, 0.0, 0.0, 0.941, 0.337, 0.624, 0.0, -0.337, 0.941, 0.0],
                [1.0, 0.0, 0.0, 0.0, 0.0, 0.998, 0.064, 0.624, 0.0, 0.064, 0.998, 0.0],
                [1.0, 0.0, 0.0, 0.0, 0.0, 0.998, 0.058, 0.624, 0.0, 0.058, 0.998, 0.0],
                [1.0, 0.0, 0.0, 0.0, 0.0, 0.872, 0.49, 0.624, 0.0, -0.49, 0.872, 0.0],
                [1.0, 0.0, 0.0, 0.0, 0.0, 0.872, 0.49, 0.624, 0.0, -0.49, 0.872, 0.0],
                [1.0, 0.0, 0.0, 0.0, 0.0, 0.872, 0.49, 0.624, 0.0, -0.49, 0.872, 0.0]
            ]
        },
        {
            "name": "neck5",
            "time": [0.0, 0.167, 0.417, 0.8, 1.017, 1.2, 1.433, 1.9],
            "transform": [[1.0, 0.0, 0.0, 0.0, 0.0, 0.983, 0.185, 0.624, 0.0, -0.185, 0.983, 0.0],
                [1.0, 0.0, 0.0, 0.0, 0.0, 0.976, 0.216, 0.624, 0.0, -0.216, 0.976, 0.0],
                [1.0, 0.0, 0.0, 0.0, 0.0, 0.976, 0.219, 0.624, 0.0, -0.219, 0.976, 0.0],
                [1.0, 0.0, 0.0, 0.0, 0.0, 1.0, 0.036, 0.624, 0.0, 0.036, 1.0, 0.0],
                [1.0, 0.0, 0.0, 0.0, 0.0, 1.0, 0.033, 0.624, 0.0, 0.033, 1.0, 0.0],
                [1.0, 0.0, 0.0, 0.0, 0.0, 0.937, 0.349, 0.624, 0.0, -0.349, 0.937, 0.0],
                [1.0, 0.0, 0.0, 0.0, 0.0, 0.937, 0.349, 0.624, 0.0, -0.349, 0.937, 0.0],
                [1.0, 0.0, 0.0, 0.0, 0.0, 0.937, 0.349, 0.624, 0.0, -0.349, 0.937, 0.0]
            ]
        },
        {
            "name": "head",
            "time": [0.0, 0.417, 0.8, 1.017, 1.2, 1.433, 1.9],
            "transform": [[1.0, 0.0, 0.0, 0.0, 0.0, 0.964, -0.265, 0.629, 0.0, 0.265, 0.964, 0.0],
                [1.0, 0.0, 0.0, 0.0, 0.0, 0.964, -0.265, 0.629, 0.0, 0.265, 0.964, 0.0],
                [1.0, 0.0, 0.0, 0.0, 0.0, 1, 0.01, 0.629, 0.0, 0.01, 1, 0.0],
                [1.0, 0.0, 0.0, 0.0, 0.0, 0.996, 0.084, 0.629, 0.0, 0.084, 0.996, 0.0],
                [1.0, 0.0, 0.0, 0.0, 0.0, 0.845, -0.535, 0.629, 0.0, 0.535, 0.845, 0.0],
                [1.0, 0.0, 0.0, 0.0, 0.0, 0.847, -0.532, 0.629, 0.0, 0.532, 0.847, 0.0],
                [1.0, 0.0, 0.0, 0.0, 0.0, 0.847, -0.532, 0.629, 0.0, 0.532, 0.847, 0.0]
            ]
        },
        {
            "name": "upperJaw",
            "time": [0.0, 0.167, 0.417, 0.8, 1.017, 1.2, 1.433, 1.9],
            "transform": [[1.0, 0.0, 0.0, 0.001, 0.0, 0.998, 0.056, 0.873, 0.0, 0.056, 0.998, -0.25],
                [1.0, 0.0, 0.0, 0.001, 0.0, 0.998, 0.056, 0.873, 0.0, 0.056, 0.998, -0.25],
                [1.0, 0.0, 0.0, 0.001, 0.0, 0.998, 0.056, 0.873, 0.0, 0.056, 0.998, -0.25],
                [1.0, 0.0, 0.0, 0.001, 0.0, 0.998, 0.056, 0.873, 0.0, 0.056, 0.998, -0.25],
                [1.0, 0.0, 0.0, 0.001, 0.0, 0.998, 0.056, 0.873, 0.0, 0.056, 0.998, -0.25],
                [1.0, 0.0, 0.0, 0.001, 0.0, 0.998, 0.056, 0.873, 0.0, 0.056, 0.998, -0.25],
                [1.0, 0.0, 0.0, 0.001, 0.0, 0.998, 0.056, 0.873, 0.0, 0.056, 0.998, -0.25],
                [1.0, 0.0, 0.0, 0.001, 0.0, 0.998, 0.056, 0.873, 0.0, 0.056, 0.998, -0.25]
            ]
        },
        {
            "name": "jaw",
            "time": [0.0, 0.167, 0.417, 0.8, 1.017, 1.2, 1.433, 1.9],
            "transform": [[1.0, 0.0, 0.0, 0.001, 0.0, 1.0, 0.0, 0.873, 0.0, 0.0, 1.0, -0.258],
                [1.0, 0.0, 0.0, 0.001, 0.0, 1.0, 0.0, 0.873, 0.0, 0.0, 1.0, -0.258],
                [1.0, 0.0, 0.0, 0.001, 0.0, 1.0, 0.0, 0.873, 0.0, 0.0, 1.0, -0.258],
                [1.0, 0.0, 0.0, 0.001, 0.0, 1.0, 0.0, 0.873, 0.0, 0.0, 1.0, -0.258],
                [1.0, 0.0, 0.0, 0.001, 0.0, 1.0, 0.0, 0.873, 0.0, 0.0, 1.0, -0.258],
                [1.0, 0.0, 0.0, 0.001, 0.0, 1.0, 0.0, 0.873, 0.0, 0.0, 1.0, -0.258],
                [1.0, 0.0, 0.0, 0.001, 0.0, 1.0, 0.0, 0.873, 0.0, 0.0, 1.0, -0.258],
                [1.0, 0.0, 0.0, 0.001, 0.0, 1.0, 0.0, 0.873, 0.0, 0.0, 1.0, -0.258]
            ]
        }
    ]
}