{
    "animation": [
        {
            "name": "root",
            "time": [0.0, 0.15, 0.267, 0.317],
            "transform": [[1.0, 0.0, 0.0, 0.0, 0.0, 0.989, 0.148, -1.269, 0.0, -0.148, 0.989, 2.704],
                [1.0, 0.0, 0.0, 0.0, 0.0, 0.989, 0.148, -1.269, 0.0, -0.148, 0.989, 2.226],
                [1.0, 0.0, 0.0, 0.0, 0.0, 0.989, 0.148, -1.269, 0.0, -0.148, 0.989, 1.887],
                [1.0, 0.0, 0.0, 0.0, 0.0, 0.997, 0.073, -1.178, 0.0, 0.073, 0.997, 3.469]
            ]
        },
        {
            "name": "right_hind_leg",
            "time": [0.0, 0.15, 0.267, 0.317],
            "transform": [[1, 0.0, 0.0, 1, 0.0, 0.94, 0.34, 0.086, 0.0, -0.34, 0.94, -0.271],
                [1, 0.0, 0.0, 1, 0.0, 0.99, 0.141, 0.086, 0.0, -0.141, 0.99, -0.271],
                [1, 0.0, 0.0, 1, 0.0, 1, 0.018, 0.086, 0.0, 0.018, 1, -0.271],
                [1, 0.0, 0.0, 1, 0.0, 0.69, 0.724, 0.086, 0.0, -0.724, 0.69, -0.271]
            ]
        },
        {
            "name": "right_hind_leg_tip",
            "time": [0.0, 0.15, 0.267, 0.317],
            "transform": [[1.0, 0.0, 0.0, 0.0, 0.0, -0.32, 0.947, 1.692, 0.0, -0.947, -0.32, 0.0],
                [1.0, 0.0, 0.0, 0.0, 0.0, -0.584, 0.812, 1.692, 0.0, -0.812, -0.584, 0.0],
                [1.0, 0.0, 0.0, 0.0, 0.0, -0.735, 0.678, 1.692, 0.0, -0.678, -0.735, 0.0],
                [1.0, 0.0, 0.0, 0.0, 0.0, 0.249, 0.969, 1.692, 0.0, -0.969, 0.249, 0.0]
            ]
        },
        {
            "name": "right_hind_foot",
            "time": [0.0, 0.15, 0.267, 0.317],
            "transform": [[1.0, 0.0, 0.0, 0.0, 0.0, -0.735, -0.678, 2.16, 0.0, 0.678, -0.735, 0.0],
                [1.0, 0.0, 0.0, 0.0, 0.0, -0.796, -0.605, 2.16, 0.0, 0.605, -0.796, 0.0],
                [1.0, 0.0, 0.0, 0.0, 0.0, -0.819, -0.574, 2.16, 0.0, 0.574, -0.819, 0.0],
                [1.0, 0.0, 0.0, 0.0, 0.0, -0.594, -0.804, 2.16, 0.0, 0.804, -0.594, 0.0]
            ]
        },
        {
            "name": "left_hind_leg",
            "time": [0.0, 0.15, 0.267, 0.317],
            "transform": [[1, 0.0, 0.0, -1, 0.0, 0.94, 0.34, 0.086, 0.0, -0.34, 0.94, -0.271],
                [1, 0.0, 0.0, -1, 0.0, 0.99, 0.141, 0.086, 0.0, -0.141, 0.99, -0.271],
                [1, 0.0, 0.0, -1, 0.0, 1, 0.018, 0.086, 0.0, 0.018, 1, -0.271],
                [1, 0.0, 0.0, -1, 0.0, 0.69, 0.724, 0.086, 0.0, -0.724, 0.69, -0.271]
            ]
        },
        {
            "name": "left_hind_leg_tip",
            "time": [0.0, 0.15, 0.267, 0.317],
            "transform": [[1.0, 0.0, 0.0, 0.0, 0.0, -0.32, 0.947, 1.692, 0.0, -0.947, -0.32, 0.0],
                [1.0, 0.0, 0.0, 0.0, 0.0, -0.584, 0.812, 1.692, 0.0, -0.812, -0.584, 0.0],
                [1.0, 0.0, 0.0, 0.0, 0.0, -0.735, 0.678, 1.692, 0.0, -0.678, -0.735, 0.0],
                [1.0, 0.0, 0.0, 0.0, 0.0, 0.249, 0.969, 1.692, 0.0, -0.969, 0.249, 0.0]
            ]
        },
        {
            "name": "left_hind_foot",
            "time": [0.0, 0.15, 0.267, 0.317],
            "transform": [[1.0, 0.0, 0.0, 0.0, 0.0, -0.735, -0.678, 2.16, 0.0, 0.678, -0.735, 0.0],
                [1.0, 0.0, 0.0, 0.0, 0.0, -0.796, -0.605, 2.16, 0.0, 0.605, -0.796, 0.0],
                [1.0, 0.0, 0.0, 0.0, 0.0, -0.819, -0.574, 2.16, 0.0, 0.574, -0.819, 0.0],
                [1.0, 0.0, 0.0, 0.0, 0.0, -0.595, -0.804, 2.16, 0.0, 0.804, -0.595, 0.0]
            ]
        },
        {
            "name": "body",
            "time": [0.0, 0.15, 0.267, 0.317],
            "transform": [[1.0, 0.0, 0.0, 0.0, 0.0, 1, 0.017, 0.274, 0.0, 0.017, 1, 0.0],
                [1.0, 0.0, 0.0, 0.0, 0.0, 1, 0.012, 0.274, 0.0, 0.012, 1, 0.0],
                [1.0, 0.0, 0.0, 0.0, 0.0, 1, 0.012, 0.274, 0.0, 0.012, 1, 0.0],
                [1.0, 0.0, 0.0, 0.0, 0.0, 1, 0.012, 0.274, 0.0, 0.012, 1, 0.0]
            ]
        },
        {
            "name": "neck_tail_1",
            "time": [0.0, 0.267, 0.317],
            "transform": [[-1.0, 0.0, 0.0, 0.0, 0.0, -1.0, 0.05, -0.516, 0.0, 0.05, 1.0, 0.429],
                [-1.0, 0.0, 0.0, 0.0, 0.0, -0.923, 0.385, -0.516, 0.0, 0.385, 0.923, 0.429],
                [-1.0, 0.0, 0.0, 0.0, 0.0, -0.892, 0.453, -0.516, 0.0, 0.453, 0.892, 0.429]
            ]
        },
        {
            "name": "neck_tail_2",
            "time": [0.0, 0.267, 0.317],
            "transform": [[1, 0.0, 0.0, 0.0, 0.0, 0.998, 0.057, 0.616, 0.0, 0.057, 0.998, 0.0],
                [1, 0.0, 0.0, 0.0, 0.0, 0.956, -0.295, 0.616, 0.0, 0.295, 0.956, 0.0],
                [1, 0.0, 0.0, 0.0, 0.0, 0.931, -0.364, 0.616, 0.0, 0.364, 0.931, 0.0]
            ]
        },
        {
            "name": "neck_tail_3",
            "time": [0.0, 0.267, 0.317],
            "transform": [[1.0, 0.0, 0.0, 0.0, 0.0, 0.998, 0.062, 0.625, 0.0, 0.062, 0.998, 0.0],
                [1.0, 0.0, 0.0, 0.0, 0.0, 0.982, -0.19, 0.625, 0.0, 0.19, 0.982, 0.0],
                [1.0, 0.0, 0.0, 0.0, 0.0, 0.969, -0.248, 0.625, 0.0, 0.248, 0.969, 0.0]
            ]
        },
        {
            "name": "neck_tail_4",
            "time": [0.0, 0.267, 0.317],
            "transform": [[1.0, 0.0, 0.0, 0.0, 0.0, 0.998, 0.064, 0.626, 0.0, 0.064, 0.998, 0.0],
                [1.0, 0.0, 0.0, 0.0, 0.0, 0.996, 0.089, 0.626, 0.0, 0.089, 0.996, 0.0],
                [1.0, 0.0, 0.0, 0.0, 0.0, 0.991, -0.132, 0.626, 0.0, 0.132, 0.991, 0.0]
            ]
        },
        {
            "name": "neck_tail_5",
            "time": [0.0, 0.267, 0.317],
            "transform": [[1.0, 0.0, 0.0, 0.0, 0.0, 0.998, 0.065, 0.625, 0.0, 0.065, 0.998, 0.0],
                [1.0, 0.0, 0.0, 0.0, 0.0, 1, 0.009, 0.625, 0.0, 0.009, 1, 0.0],
                [1.0, 0.0, 0.0, 0.0, 0.0, 1, 0.009, 0.625, 0.0, 0.009, 1, 0.0]
            ]
        },
        {
            "name": "neck_tail_6",
            "time": [0.0, 0.267, 0.317],
            "transform": [[1.0, 0.0, 0.0, 0.0, 0.0, 0.998, 0.064, 0.623, 0.0, 0.064, 0.998, 0.0],
                [1.0, 0.0, 0.0, 0.0, 0.0, 0.996, 0.09, 0.623, 0.0, 0.09, 0.996, 0.0],
                [1.0, 0.0, 0.0, 0.0, 0.0, 0.995, 0.105, 0.623, 0.0, -0.105, 0.995, 0.0]
            ]
        },
        {
            "name": "neck_tail_7",
            "time": [0.0, 0.267, 0.317],
            "transform": [[1.0, 0.0, 0.0, 0.0, 0.0, 0.998, 0.06, 0.625, 0.0, 0.06, 0.998, 0.0],
                [1.0, 0.0, 0.0, 0.0, 0.0, 0.989, 0.147, 0.625, 0.0, -0.147, 0.989, 0.0],
                [1.0, 0.0, 0.0, 0.0, 0.0, 0.983, 0.183, 0.625, 0.0, -0.183, 0.983, 0.0]
            ]
        },
        {
            "name": "neck_tail_8",
            "time": [0.0, 0.267, 0.317],
            "transform": [[1.0, 0.0, 0.0, 0.0, 0.0, 1.0, 0.053, 0.625, 0.0, 0.053, 1.0, 0.0],
                [1.0, 0.0, 0.0, 0.0, 0.0, 0.983, 0.186, 0.625, 0.0, -0.186, 0.983, 0.0],
                [1.0, 0.0, 0.0, 0.0, 0.0, 0.974, 0.228, 0.625, 0.0, -0.228, 0.974, 0.0]
            ]
        },
        {
            "name": "neck_tail_9",
            "time": [0.0, 0.267, 0.317],
            "transform": [[1.0, 0.0, 0.0, 0.0, 0.0, 1.0, 0.045, 0.625, 0.0, 0.045, 1.0, 0.0],
                [1.0, 0.0, 0.0, 0.0, 0.0, 0.982, 0.191, 0.625, 0.0, -0.191, 0.982, 0.0],
                [1.0, 0.0, 0.0, 0.0, 0.0, 0.971, 0.238, 0.625, 0.0, -0.238, 0.971, 0.0]
            ]
        },
        {
            "name": "neck_tail_10",
            "time": [0.0, 0.267, 0.317],
            "transform": [[1.0, 0.0, 0.0, 0.0, 0.0, 1.0, 0.035, 0.626, 0.0, 0.035, 1.0, 0.0],
                [1.0, 0.0, 0.0, 0.0, 0.0, 0.986, 0.17, 0.626, 0.0, -0.17, 0.986, 0.0],
                [1.0, 0.0, 0.0, 0.0, 0.0, 0.977, 0.214, 0.626, 0.0, -0.214, 0.977, 0.0]
            ]
        },
        {
            "name": "neck_tail_11",
            "time": [0.0, 0.267, 0.317],
            "transform": [[1.0, 0.0, 0.0, 0.0, 0.0, 1, 0.024, 0.625, 0.0, 0.024, 1, 0.0],
                [1.0, 0.0, 0.0, 0.0, 0.0, 0.992, 0.126, 0.625, 0.0, -0.126, 0.992, 0.0],
                [1.0, 0.0, 0.0, 0.0, 0.0, 0.987, 0.16, 0.625, 0.0, -0.16, 0.987, 0.0]
            ]
        },
        {
            "name": "neck_tail_12",
            "time": [0.0, 0.267, 0.317],
            "transform": [[1.0, 0.0, 0.0, 0.0, 0.0, 1, 0.012, 0.625, 0.0, 0.012, 1, 0.0],
                [1.0, 0.0, 0.0, 0.0, 0.0, 0.998, 0.067, 0.625, 0.0, 0.067, 0.998, 0.0],
                [1.0, 0.0, 0.0, 0.0, 0.0, 0.996, 0.085, 0.625, 0.0, 0.085, 0.996, 0.0]
            ]
        },
        {
            "name": "right_front_leg",
            "time": [0.0, 0.15, 0.267, 0.317],
            "transform": [[0.658, 0.601, -0.453, 0.75, 0.721, -0.33, 0.61, 2.943, 0.217, -0.728, -0.65, 0.056],
                [0.602, 0.713, -0.358, 0.75, 0.796, -0.502, 0.338, 2.943, 0.061, -0.488, -0.87, 0.056],
                [0.596, 0.773, -0.218, 0.75, 0.802, -0.562, 0.201, 2.943, 0.033, -0.294, -0.955, 0.056],
                [0.634, 0.0, -0.773, 0.75, 0.772, 0.045, 0.634, 2.943, 0.034, -1.0, 0.028, 0.056]
            ]
        },
        {
            "name": "right_front_leg_tip",
            "time": [0.0, 0.15, 0.267, 0.317],
            "transform": [[0.794, -0.275, 0.543, 0.0, 0.596, 0.172, -0.784, 1.253, 0.122, 0.946, 0.301, 0.0],
                [0.995, 0.06, 0.077, 0.0, 0.055, -0.316, -0.947, 1.253, 0.081, 0.947, -0.312, 0.0],
                [0.997, 0.047, 0.055, 0.0, 0.018, -0.576, -0.817, 1.253, 0.07, 0.816, -0.574, 0.0],
                [1.0, 0.0, 0.045, 0.0, 0.0, 1.0, -0, 1.253, 0.045, 0, 1.0, 0.0]
            ]
        },
        {
            "name": "right_front_foot",
            "time": [0.0, 0.15, 0.267, 0.317],
            "transform": [[0.726, 0.561, -0.399, 0.0, -0.539, 0.104, -0.836, 1.489, -0.427, 0.821, 0.378, 0.0],
                [0.718, 0.681, -0.144, 0.0, -0.545, 0.421, -0.725, 1.489, -0.433, 0.599, 0.673, 0.0],
                [0.71, 0.688, -0.151, 0.0, -0.585, 0.457, -0.67, 1.489, -0.392, 0.564, 0.727, 0.0],
                [0.825, 0.489, 0.282, 0.0, 0.127, 0.326, -0.937, 1.489, -0.55, 0.809, 0.207, 0.0]
            ]
        },
        {
            "name": "left_front_leg",
            "time": [0.0, 0.15, 0.267, 0.317],
            "transform": [[0.64, -0.602, 0.478, -0.75, -0.743, -0.329, 0.583, 2.943, -0.193, -0.728, -0.658, 0.056],
                [0.602, -0.713, 0.358, -0.75, -0.796, -0.502, 0.338, 2.943, 0.061, -0.488, -0.87, 0.056],
                [0.599, -0.771, 0.214, -0.75, -0.8, -0.564, 0.205, 2.943, 0.037, -0.294, -0.955, 0.056],
                [0.64, 0.0, 0.768, -0.75, -0.767, 0.045, 0.64, 2.943, 0.034, -1.0, 0.029, 0.056]
            ]
        },
        {
            "name": "left_front_leg_tip",
            "time": [0.0, 0.15, 0.267, 0.317],
            "transform": [[0.815, 0.24, -0.527, 0.0, -0.57, 0.172, -0.804, 1.253, -0.102, 0.955, 0.277, 0.0],
                [0.995, 0.06, 0.077, 0.0, 0.055, -0.316, -0.947, 1.253, 0.081, 0.947, -0.312, 0.0],
                [0.997, 0.051, 0.055, 0.0, 0.016, -0.576, -0.817, 1.253, 0.073, 0.816, -0.574, 0.0],
                [1.0, 0.0, 0.053, 0.0, 0.0, 1.0, -0, 1.253, 0.053, 0, 1.0, 0.0]
            ]
        },
        {
            "name": "left_front_foot",
            "time": [0.0, 0.15, 0.267, 0.317],
            "transform": [[0.724, -0.573, 0.383, 0.0, 0.538, 0.122, -0.834, 1.489, 0.432, 0.81, 0.397, 0.0],
                [0.715, -0.685, 0.142, 0.0, 0.547, 0.421, -0.724, 1.489, 0.436, 0.595, 0.675, 0.0],
                [0.706, -0.691, 0.154, 0.0, 0.592, 0.458, -0.663, 1.489, 0.388, 0.559, 0.733, 0.0],
                [0.826, -0.49, -0.28, 0.0, -0.123, 0.327, -0.937, 1.489, 0.551, 0.808, 0.21, 0.0]
            ]
        },
        {
            "name": "right_wing",
            "time": [0.0, 0.15, 0.267, 0.317],
            "transform": [[-0.282, 0.824, 0.492, 0.75, -0.933, -0.355, 0.059, 2.861, 0.223, -0.442, 0.869, 0.745],
                [0.077, 0.608, -0.79, 0.749, -0.983, 0.085, 0.161, 2.885, 0.165, 0.789, 0.592, 0.736],
                [0.049, 0.705, -0.708, 0.749, -0.983, 0.09, 0.158, 2.885, 0.175, 0.704, 0.688, 0.736],
                [0.021, 0.859, -0.511, 0.749, -0.983, 0.075, 0.167, 2.885, 0.182, 0.506, 0.843, 0.736]
            ]
        },
        {
            "name": "right_wing_tip",
            "time": [0.0, 0.15, 0.267, 0.317],
            "transform": [[0.885, 0.465, 0.015, 0.0, -0.465, 0.883, 0.062, 3.5, 0.015, 0.062, 0.998, 0.0],
                [1, 0.014, 0.002, 0.0, 0.013, 0.864, -0.504, 3.5, 0.005, 0.504, 0.864, 0.0],
                [1, 0.004, 0.001, 0.0, 0.003, 0.896, -0.444, 3.5, 0.003, 0.444, 0.896, 0.0],
                [1, 0.001, 0.001, 0.0, 0.001, 0.902, -0.432, 3.5, 0.002, 0.432, 0.902, 0.0]
            ]
        },
        {
            "name": "left_wing",
            "time": [0.0, 0.15, 0.267, 0.317],
            "transform": [[-0.282, -0.824, -0.492, -0.751, 0.933, -0.355, 0.059, 2.861, -0.223, -0.442, 0.869, 0.745],
                [-0.141, -0.595, 0.791, -0.75, 0.977, 0.047, 0.21, 2.838, -0.162, 0.803, 0.574, 0.753],
                [0.088, -0.695, 0.714, -0.75, 0.979, 0.073, 0.193, 2.838, -0.186, 0.715, 0.674, 0.753],
                [0.05, -0.854, 0.518, -0.75, 0.979, 0.061, 0.194, 2.838, -0.197, 0.517, 0.833, 0.753]
            ]
        },
        {
            "name": "left_wing_tip",
            "time": [0.0, 0.15, 0.267, 0.317],
            "transform": [[0.885, -0.465, 0.015, 0.0, 0.465, 0.883, 0.062, 3.5, 0.015, 0.062, 0.998, 0.0],
                [1, 0.003, -0, 0.0, 0.003, 0.838, -0.546, 3.5, 0.001, 0.546, 0.838, 0.0],
                [1, 0.003, 0.0, 0.0, 0.002, 0.874, -0.486, 3.5, 0.001, 0.486, 0.874, 0.0],
                [1, 0.002, 0, 0.0, 0.002, 0.884, -0.468, 3.5, 0.001, 0.468, 0.884, 0.0]
            ]
        },
        {
            "name": "neck",
            "time": [0.0, 0.15, 0.267, 0.317],
            "transform": [[1.0, 0.0, 0.0, 0.0, 0.0, 0.962, 0.271, 3.494, 0.0, -0.271, 0.962, 0.0],
                [1.0, 0.0, 0.0, 0.0, 0.0, 0.947, 0.322, 3.494, 0.0, -0.322, 0.947, 0.0],
                [1.0, 0.0, 0.0, 0.0, 0.0, 0.964, 0.267, 3.494, 0.0, -0.267, 0.964, 0.0],
                [1.0, 0.0, 0.0, 0.0, 0.0, 0.978, 0.21, 3.494, 0.0, -0.21, 0.978, 0.0]
            ]
        },
        {
            "name": "neck2",
            "time": [0.0, 0.15, 0.267, 0.317],
            "transform": [[1.0, 0.0, 0.0, 0.0, 0.0, 0.995, 0.099, 0.624, 0.0, 0.099, 0.995, 0.0],
                [1.0, 0.0, 0.0, 0.0, 0.0, 0.994, -0.108, 0.624, 0.0, 0.108, 0.994, 0.0],
                [1.0, 0.0, 0.0, 0.0, 0.0, 0.996, 0.087, 0.624, 0.0, 0.087, 0.996, 0.0],
                [1.0, 0.0, 0.0, 0.0, 0.0, 0.998, 0.066, 0.624, 0.0, 0.066, 0.998, 0.0]
            ]
        },
        {
            "name": "neck3",
            "time": [0.0, 0.15, 0.267, 0.317],
            "transform": [[1.0, 0.0, 0.0, 0.0, 0.0, 0.987, -0.163, 0.627, 0.0, 0.163, 0.987, 0.0],
                [1.0, 0.0, 0.0, 0.0, 0.0, 0.984, -0.179, 0.627, 0.0, 0.179, 0.984, 0.0],
                [1.0, 0.0, 0.0, 0.0, 0.0, 0.987, -0.16, 0.627, 0.0, 0.16, 0.987, 0.0],
                [1.0, 0.0, 0.0, 0.0, 0.0, 0.99, -0.139, 0.627, 0.0, 0.139, 0.99, 0.0]
            ]
        },
        {
            "name": "neck4",
            "time": [0.0, 0.15, 0.267, 0.317],
            "transform": [[1.0, 0.0, 0.0, 0.0, 0.0, 1.0, 0.05, 0.624, 0.0, 0.05, 1.0, 0.0],
                [1.0, 0.0, 0.0, 0.0, 0.0, 0.994, -0.11, 0.624, 0.0, 0.11, 0.994, 0.0],
                [1.0, 0.0, 0.0, 0.0, 0.0, 1, 0.004, 0.624, 0.0, 0.004, 1, 0.0],
                [1.0, 0.0, 0.0, 0.0, 0.0, 0.995, 0.099, 0.624, 0.0, 0.099, 0.995, 0.0]
            ]
        },
        {
            "name": "neck5",
            "time": [0.0, 0.15, 0.267, 0.317],
            "transform": [[1.0, 0.0, 0.0, 0.0, 0.0, 1, 0.01, 0.624, 0.0, 0.01, 1, 0.0],
                [1.0, 0.0, 0.0, 0.0, 0.0, 1.0, 0.041, 0.624, 0.0, 0.041, 1.0, 0.0],
                [1.0, 0.0, 0.0, 0.0, 0.0, 1, 0.024, 0.624, 0.0, 0.024, 1, 0.0],
                [1.0, 0.0, 0.0, 0.0, 0.0, 0.996, 0.086, 0.624, 0.0, 0.086, 0.996, 0.0]
            ]
        },
        {
            "name": "head",
            "time": [0.0, 0.15, 0.267, 0.317],
            "transform": [[1.0, 0.0, 0.0, 0.0, 0.0, 0.993, -0.116, 0.629, 0.0, 0.116, 0.993, 0.0],
                [1.0, 0.0, 0.0, 0.0, 0.0, 1, 0.022, 0.629, 0.0, 0.022, 1, 0.0],
                [1.0, 0.0, 0.0, 0.0, 0.0, 0.987, -0.159, 0.629, 0.0, 0.159, 0.987, 0.0],
                [1.0, 0.0, 0.0, 0.0, 0.0, 0.977, -0.212, 0.629, 0.0, 0.212, 0.977, 0.0]
            ]
        },
        {
            "name": "upperJaw",
            "time": [0.0, 0.15, 0.267, 0.317],
            "transform": [[1.0, 0.0, 0.0, 0.001, 0.0, 0.998, 0.056, 0.873, 0.0, 0.056, 0.998, -0.25],
                [1.0, 0.0, 0.0, 0.001, 0.0, 0.998, 0.056, 0.873, 0.0, 0.056, 0.998, -0.25],
                [1.0, 0.0, 0.0, 0.001, 0.0, 0.998, 0.056, 0.873, 0.0, 0.056, 0.998, -0.25],
                [1.0, 0.0, 0.0, 0.001, 0.0, 0.998, 0.056, 0.873, 0.0, 0.056, 0.998, -0.25]
            ]
        },
        {
            "name": "jaw",
            "time": [0.0, 0.15, 0.267, 0.317],
            "transform": [[1.0, 0.0, 0.0, 0.001, 0.0, 1.0, 0.0, 0.873, 0.0, 0.0, 1.0, -0.258],
                [1.0, 0.0, 0.0, 0.001, 0.0, 1.0, 0.0, 0.873, 0.0, 0.0, 1.0, -0.258],
                [1.0, 0.0, 0.0, 0.001, 0.0, 1.0, 0.0, 0.873, 0.0, 0.0, 1.0, -0.258],
                [1.0, 0.0, 0.0, 0.001, 0.0, 1.0, 0.0, 0.873, 0.0, 0.0, 1.0, -0.258]
            ]
        }
    ]
}