{
    "animation": [
        {
            "name": "root",
            "time": [0.0, 0.233, 0.417, 0.717, 1.067],
            "transform": [[1.0, 0.0, 0.0, 0.0, 0.0, 0.997, 0.073, -1.178, 0.0, 0.073, 0.997, 3.469],
                [1.0, 0.0, 0.0, 0.0, 0.0, 0.908, -0.419, -5.959, 0.0, 0.419, 0.908, 6.293],
                [1.0, 0.0, 0.0, 0.0, 0.0, 0.779, -0.627, -10.616, 0.0, 0.627, 0.779, 7.758],
                [1.0, 0.0, 0.0, 0.0, 0.0, 0.783, -0.623, -16.611, 0.0, 0.623, 0.783, 8.001],
                [1.0, 0.0, 0.0, 0.0, 0.0, 0.977, -0.215, -20.8, 0.0, 0.215, 0.977, 4.313]
            ]
        },
        {
            "name": "right_hind_leg",
            "time": [0.0, 0.233, 0.417, 0.717, 1.067],
            "transform": [[1, 0.0, 0.0, 1, 0.0, 0.69, 0.724, 0.086, 0.0, -0.724, 0.69, -0.271],
                [1, 0.0, 0.0, 1, 0.0, 0.43, 0.903, 0.086, 0.0, -0.903, 0.43, -0.271],
                [1, 0.0, 0.0, 1, 0.0, 0.185, 0.983, 0.086, 0.0, -0.983, 0.185, -0.271],
                [1, 0.0, 0.0, 1, 0.0, 0.386, 0.923, 0.086, 0.0, -0.923, 0.386, -0.271],
                [1, 0.0, 0.0, 1, 0.0, -0.456, 0.89, 0.086, 0.0, -0.89, -0.456, -0.271]
            ]
        },
        {
            "name": "right_hind_leg_tip",
            "time": [0.0, 0.233, 0.417, 0.717, 1.067],
            "transform": [[1.0, 0.0, 0.0, 0.0, 0.0, 0.249, 0.969, 1.692, 0.0, -0.969, 0.249, 0.0],
                [1.0, 0.0, 0.0, 0.0, 0.0, 1, 0.007, 1.692, 0.0, 0.007, 1, 0.0],
                [1.0, 0.0, 0.0, 0.0, 0.0, 1, 0.015, 1.692, 0.0, 0.015, 1, 0.0],
                [1.0, 0.0, 0.0, 0.0, 0.0, 0.367, 0.93, 1.692, 0.0, -0.93, 0.367, 0.0],
                [1.0, 0.0, 0.0, 0.0, 0.0, 0.99, 0.138, 1.692, 0.0, -0.138, 0.99, 0.0]
            ]
        },
        {
            "name": "right_hind_foot",
            "time": [0.0, 0.233, 0.417, 0.717, 1.067],
            "transform": [[1.0, 0.0, 0.0, 0.0, 0.0, -0.594, -0.804, 2.16, 0.0, 0.804, -0.594, 0.0],
                [1.0, 0.0, 0.0, 0.0, 0.0, 0.949, -0.317, 2.16, 0.0, 0.317, 0.949, 0.0],
                [1.0, 0.0, 0.0, 0.0, 0.0, 0.949, -0.317, 2.16, 0.0, 0.317, 0.949, 0.0],
                [1.0, 0.0, 0.0, 0.0, 0.0, 0.949, -0.317, 2.16, 0.0, 0.317, 0.949, 0.0],
                [1.0, 0.0, 0.0, 0.0, 0.0, -0.124, -0.992, 2.16, 0.0, 0.992, -0.124, 0.0]
            ]
        },
        {
            "name": "left_hind_leg",
            "time": [0.0, 0.233, 0.417, 0.717, 1.067],
            "transform": [[1, 0.0, 0.0, -1, 0.0, 0.69, 0.724, 0.086, 0.0, -0.724, 0.69, -0.271],
                [1, 0.0, 0.0, -1, 0.0, 0.431, 0.903, 0.086, 0.0, -0.903, 0.431, -0.271],
                [1, 0.0, 0.0, -1, 0.0, 0.185, 0.983, 0.086, 0.0, -0.983, 0.185, -0.271],
                [1, 0.0, 0.0, -1, 0.0, 0.386, 0.923, 0.086, 0.0, -0.923, 0.386, -0.271],
                [1, 0.0, 0.0, -1, 0.0, -0.456, 0.89, 0.086, 0.0, -0.89, -0.456, -0.271]
            ]
        },
        {
            "name": "left_hind_leg_tip",
            "time": [0.0, 0.233, 0.417, 0.717, 1.067],
            "transform": [[1.0, 0.0, 0.0, 0.0, 0.0, 0.249, 0.969, 1.692, 0.0, -0.969, 0.249, 0.0],
                [1.0, 0.0, 0.0, 0.0, 0.0, 1, 0.007, 1.692, 0.0, 0.007, 1, 0.0],
                [1.0, 0.0, 0.0, 0.0, 0.0, 1, 0.015, 1.692, 0.0, 0.015, 1, 0.0],
                [1.0, 0.0, 0.0, 0.0, 0.0, 0.367, 0.93, 1.692, 0.0, -0.93, 0.367, 0.0],
                [1.0, 0.0, 0.0, 0.0, 0.0, 0.99, 0.139, 1.692, 0.0, -0.139, 0.99, 0.0]
            ]
        },
        {
            "name": "left_hind_foot",
            "time": [0.0, 0.233, 0.417, 0.717, 1.067],
            "transform": [[1.0, 0.0, 0.0, 0.0, 0.0, -0.595, -0.804, 2.16, 0.0, 0.804, -0.595, 0.0],
                [1.0, 0.0, 0.0, 0.0, 0.0, 0.949, -0.317, 2.16, 0.0, 0.317, 0.949, 0.0],
                [1.0, 0.0, 0.0, 0.0, 0.0, 0.949, -0.317, 2.16, 0.0, 0.317, 0.949, 0.0],
                [1.0, 0.0, 0.0, 0.0, 0.0, 0.949, -0.317, 2.16, 0.0, 0.317, 0.949, 0.0],
                [1.0, 0.0, 0.0, 0.0, 0.0, -0.124, -0.992, 2.16, 0.0, 0.992, -0.124, 0.0]
            ]
        },
        {
            "name": "body",
            "time": [0.0, 0.233, 0.417, 0.717, 1.067],
            "transform": [[1.0, 0.0, 0.0, 0.0, 0.0, 1, 0.012, 0.274, 0.0, 0.012, 1, 0.0],
                [1.0, 0.0, 0.0, 0.0, 0.0, 1, 0.012, 0.274, 0.0, 0.012, 1, 0.0],
                [1.0, 0.0, 0.0, 0.0, 0.0, 1, 0.012, 0.274, 0.0, 0.012, 1, 0.0],
                [1.0, 0.0, 0.0, 0.0, 0.0, 1, 0.012, 0.274, 0.0, 0.012, 1, 0.0],
                [1.0, 0.0, 0.0, 0.0, 0.0, 1, 0.017, 0.274, 0.0, 0.017, 1, 0.0]
            ]
        },
        {
            "name": "neck_tail_1",
            "time": [0.0, 0.083, 0.417, 0.85, 1.067],
            "transform": [[-1.0, 0.0, 0.0, 0.0, 0.0, -0.892, 0.453, -0.516, 0.0, 0.453, 0.892, 0.429],
                [-1.0, 0.0, 0.0, 0.0, 0.0, -0.951, 0.31, -0.516, 0.0, 0.31, 0.951, 0.429],
                [-1.0, 0.0, 0.0, 0.0, 0.0, -0.949, -0.315, -0.516, 0.0, -0.315, 0.949, 0.429],
                [-1.0, 0.0, 0.0, 0.0, 0.0, -0.997, 0.08, -0.516, 0.0, 0.08, 0.997, 0.429],
                [-1.0, 0.0, 0.0, 0.0, 0.0, -0.9, 0.435, -0.516, 0.0, 0.435, 0.9, 0.429]
            ]
        },
        {
            "name": "neck_tail_2",
            "time": [0.0, 0.083, 0.417, 0.85, 1.067],
            "transform": [[1, 0.0, 0.0, 0.0, 0.0, 0.931, -0.364, 0.616, 0.0, 0.364, 0.931, 0.0],
                [1, 0.0, 0.0, 0.0, 0.0, 0.971, -0.237, 0.616, 0.0, 0.237, 0.971, 0.0],
                [1, 0.0, 0.0, 0.0, 0.0, 0.971, 0.24, 0.616, 0.0, -0.24, 0.971, 0.0],
                [1, 0.0, 0.0, 0.0, 0.0, 1.0, 0.053, 0.616, 0.0, 0.053, 1.0, 0.0],
                [1, 0.0, 0.0, 0.0, 0.0, 0.923, -0.384, 0.616, 0.0, 0.384, 0.923, 0.0]
            ]
        },
        {
            "name": "neck_tail_3",
            "time": [0.0, 0.083, 0.417, 0.85, 1.067],
            "transform": [[1.0, 0.0, 0.0, 0.0, 0.0, 0.969, -0.248, 0.625, 0.0, 0.248, 0.969, 0.0],
                [1.0, 0.0, 0.0, 0.0, 0.0, 0.99, -0.142, 0.625, 0.0, 0.142, 0.99, 0.0],
                [1.0, 0.0, 0.0, 0.0, 0.0, 0.981, 0.196, 0.625, 0.0, -0.196, 0.981, 0.0],
                [1.0, 0.0, 0.0, 0.0, 0.0, 1, 0.019, 0.625, 0.0, 0.019, 1, 0.0],
                [1.0, 0.0, 0.0, 0.0, 0.0, 0.957, -0.292, 0.625, 0.0, 0.292, 0.957, 0.0]
            ]
        },
        {
            "name": "neck_tail_4",
            "time": [0.0, 0.083, 0.417, 0.85, 1.067],
            "transform": [[1.0, 0.0, 0.0, 0.0, 0.0, 0.991, -0.132, 0.626, 0.0, 0.132, 0.991, 0.0],
                [1.0, 0.0, 0.0, 0.0, 0.0, 1.0, 0.049, 0.626, 0.0, 0.049, 1.0, 0.0],
                [1.0, 0.0, 0.0, 0.0, 0.0, 0.989, 0.145, 0.626, 0.0, -0.145, 0.989, 0.0],
                [1.0, 0.0, 0.0, 0.0, 0.0, 1, 0.004, 0.626, 0.0, 0.004, 1, 0.0],
                [1.0, 0.0, 0.0, 0.0, 0.0, 0.982, -0.19, 0.626, 0.0, 0.19, 0.982, 0.0]
            ]
        },
        {
            "name": "neck_tail_5",
            "time": [0.0, 0.083, 0.417, 0.85, 1.067],
            "transform": [[1.0, 0.0, 0.0, 0.0, 0.0, 1, 0.009, 0.625, 0.0, 0.009, 1, 0.0],
                [1.0, 0.0, 0.0, 0.0, 0.0, 1.0, 0.036, 0.625, 0.0, 0.036, 1.0, 0.0],
                [1.0, 0.0, 0.0, 0.0, 0.0, 0.989, 0.15, 0.625, 0.0, -0.15, 0.989, 0.0],
                [1.0, 0.0, 0.0, 0.0, 0.0, 1.0, 0.04, 0.625, 0.0, 0.04, 1.0, 0.0],
                [1.0, 0.0, 0.0, 0.0, 0.0, 1, 0.029, 0.625, 0.0, 0.029, 1, 0.0]
            ]
        },
        {
            "name": "neck_tail_6",
            "time": [0.0, 0.083, 0.417, 0.85, 1.067],
            "transform": [[1.0, 0.0, 0.0, 0.0, 0.0, 0.995, 0.105, 0.623, 0.0, -0.105, 0.995, 0.0],
                [1.0, 0.0, 0.0, 0.0, 0.0, 0.99, 0.14, 0.623, 0.0, -0.14, 0.99, 0.0],
                [1.0, 0.0, 0.0, 0.0, 0.0, 0.984, 0.179, 0.623, 0.0, -0.179, 0.984, 0.0],
                [1.0, 0.0, 0.0, 0.0, 0.0, 0.996, 0.092, 0.623, 0.0, 0.092, 0.996, 0.0],
                [1.0, 0.0, 0.0, 0.0, 0.0, 0.991, 0.135, 0.623, 0.0, -0.135, 0.991, 0.0]
            ]
        },
        {
            "name": "neck_tail_7",
            "time": [0.0, 0.083, 0.417, 0.85, 1.067],
            "transform": [[1.0, 0.0, 0.0, 0.0, 0.0, 0.983, 0.183, 0.625, 0.0, -0.183, 0.983, 0.0],
                [1.0, 0.0, 0.0, 0.0, 0.0, 0.98, 0.198, 0.625, 0.0, -0.198, 0.98, 0.0],
                [1.0, 0.0, 0.0, 0.0, 0.0, 0.983, 0.185, 0.625, 0.0, -0.185, 0.983, 0.0],
                [1.0, 0.0, 0.0, 0.0, 0.0, 0.995, 0.102, 0.625, 0.0, -0.102, 0.995, 0.0],
                [1.0, 0.0, 0.0, 0.0, 0.0, 0.972, 0.235, 0.625, 0.0, -0.235, 0.972, 0.0]
            ]
        },
        {
            "name": "neck_tail_8",
            "time": [0.0, 0.083, 0.417, 0.85, 1.067],
            "transform": [[1.0, 0.0, 0.0, 0.0, 0.0, 0.974, 0.228, 0.625, 0.0, -0.228, 0.974, 0.0],
                [1.0, 0.0, 0.0, 0.0, 0.0, 0.974, 0.228, 0.625, 0.0, -0.228, 0.974, 0.0],
                [1.0, 0.0, 0.0, 0.0, 0.0, 0.984, 0.18, 0.625, 0.0, -0.18, 0.984, 0.0],
                [1.0, 0.0, 0.0, 0.0, 0.0, 0.996, 0.088, 0.625, 0.0, 0.088, 0.996, 0.0],
                [1.0, 0.0, 0.0, 0.0, 0.0, 0.962, 0.275, 0.625, 0.0, -0.275, 0.962, 0.0]
            ]
        },
        {
            "name": "neck_tail_9",
            "time": [0.0, 0.083, 0.417, 0.85, 1.067],
            "transform": [[1.0, 0.0, 0.0, 0.0, 0.0, 0.971, 0.238, 0.625, 0.0, -0.238, 0.971, 0.0],
                [1.0, 0.0, 0.0, 0.0, 0.0, 0.974, 0.228, 0.625, 0.0, -0.228, 0.974, 0.0],
                [1.0, 0.0, 0.0, 0.0, 0.0, 0.989, 0.15, 0.625, 0.0, -0.15, 0.989, 0.0],
                [1.0, 0.0, 0.0, 0.0, 0.0, 0.998, 0.069, 0.625, 0.0, 0.069, 0.998, 0.0],
                [1.0, 0.0, 0.0, 0.0, 0.0, 0.962, 0.274, 0.625, 0.0, -0.274, 0.962, 0.0]
            ]
        },
        {
            "name": "neck_tail_10",
            "time": [0.0, 0.083, 0.417, 0.85, 1.067],
            "transform": [[1.0, 0.0, 0.0, 0.0, 0.0, 0.977, 0.214, 0.626, 0.0, -0.214, 0.977, 0.0],
                [1.0, 0.0, 0.0, 0.0, 0.0, 0.98, 0.2, 0.626, 0.0, -0.2, 0.98, 0.0],
                [1.0, 0.0, 0.0, 0.0, 0.0, 0.993, 0.12, 0.626, 0.0, -0.12, 0.993, 0.0],
                [1.0, 0.0, 0.0, 0.0, 0.0, 1.0, 0.053, 0.626, 0.0, 0.053, 1.0, 0.0],
                [1.0, 0.0, 0.0, 0.0, 0.0, 0.97, 0.242, 0.626, 0.0, -0.242, 0.97, 0.0]
            ]
        },
        {
            "name": "neck_tail_11",
            "time": [0.0, 0.083, 0.417, 0.85, 1.067],
            "transform": [[1.0, 0.0, 0.0, 0.0, 0.0, 0.987, 0.16, 0.625, 0.0, -0.16, 0.987, 0.0],
                [1.0, 0.0, 0.0, 0.0, 0.0, 0.989, 0.147, 0.625, 0.0, -0.147, 0.989, 0.0],
                [1.0, 0.0, 0.0, 0.0, 0.0, 0.996, 0.084, 0.625, 0.0, 0.084, 0.996, 0.0],
                [1.0, 0.0, 0.0, 0.0, 0.0, 1.0, 0.036, 0.625, 0.0, 0.036, 1.0, 0.0],
                [1.0, 0.0, 0.0, 0.0, 0.0, 0.984, 0.179, 0.625, 0.0, -0.179, 0.984, 0.0]
            ]
        },
        {
            "name": "neck_tail_12",
            "time": [0.0, 0.083, 0.417, 0.85, 1.067],
            "transform": [[1.0, 0.0, 0.0, 0.0, 0.0, 0.996, 0.085, 0.625, 0.0, 0.085, 0.996, 0.0],
                [1.0, 0.0, 0.0, 0.0, 0.0, 0.997, 0.078, 0.625, 0.0, 0.078, 0.997, 0.0],
                [1.0, 0.0, 0.0, 0.0, 0.0, 1.0, 0.043, 0.625, 0.0, 0.043, 1.0, 0.0],
                [1.0, 0.0, 0.0, 0.0, 0.0, 1, 0.018, 0.625, 0.0, 0.018, 1, 0.0],
                [1.0, 0.0, 0.0, 0.0, 0.0, 0.995, 0.095, 0.625, 0.0, 0.095, 0.995, 0.0]
            ]
        },
        {
            "name": "right_front_leg",
            "time": [0.0, 0.233, 0.417, 0.717, 1.067],
            "transform": [[0.634, 0.0, -0.773, 0.75, 0.772, 0.045, 0.634, 2.943, 0.034, -1.0, 0.028, 0.056],
                [0.627, 0.071, -0.775, 0.75, 0.753, 0.2, 0.627, 2.943, 0.2, -0.977, 0.072, 0.056],
                [0.619, 0.255, -0.743, 0.75, 0.756, 0.063, 0.652, 2.943, 0.213, -0.965, -0.153, 0.056],
                [0.632, 0.067, -0.772, 0.75, 0.744, -0.331, 0.58, 2.943, -0.216, -0.941, -0.259, 0.056],
                [0.744, 0.151, -0.65, 0.75, 0.652, -0.377, 0.658, 2.943, -0.146, -0.914, -0.379, 0.056]
            ]
        },
        {
            "name": "right_front_leg_tip",
            "time": [0.0, 0.233, 0.417, 0.717, 1.067],
            "transform": [[1.0, 0.0, 0.045, 0.0, 0.0, 1.0, -0, 1.253, 0.045, 0, 1.0, 0.0],
                [1.0, 0.025, 0.046, 0.0, 0.018, 0.989, -0.149, 1.253, 0.05, 0.148, 0.988, 0.0],
                [0.968, -0.251, 0.003, 0.0, 0.229, 0.888, -0.398, 1.253, 0.103, 0.385, 0.917, 0.0],
                [0.997, 0.036, 0.062, 0.0, 0.028, 0.991, -0.132, 1.253, 0.066, 0.13, 0.989, 0.0],
                [0.956, -0.128, 0.266, 0.0, 0.191, 0.954, -0.23, 1.253, -0.224, 0.271, 0.936, 0.0]
            ]
        },
        {
            "name": "right_front_foot",
            "time": [0.0, 0.233, 0.417, 0.717, 1.067],
            "transform": [[0.825, 0.489, 0.282, 0.0, 0.127, 0.326, -0.937, 1.489, -0.55, 0.809, 0.207, 0.0],
                [0.75, 0.64, 0.171, 0.0, -0.225, 0.488, -0.843, 1.489, -0.623, 0.594, 0.51, 0.0],
                [0.745, 0.394, 0.539, 0.0, -0.104, 0.866, -0.489, 1.489, -0.66, 0.308, 0.686, 0.0],
                [0.798, 0.321, 0.51, 0.0, 0.061, 0.885, -0.462, 1.489, -0.599, 0.338, 0.726, 0.0],
                [0.769, 0.539, 0.344, 0.0, -0.307, 0.783, -0.54, 1.489, -0.561, 0.31, 0.768, 0.0]
            ]
        },
        {
            "name": "left_front_leg",
            "time": [0.0, 0.233, 0.417, 0.717, 1.067],
            "transform": [[0.64, 0.0, 0.768, -0.75, -0.767, 0.045, 0.64, 2.943, 0.034, -1.0, 0.029, 0.056],
                [0.632, 0.071, 0.772, -0.75, -0.749, 0.199, 0.632, 2.943, -0.199, -0.977, 0.073, 0.056],
                [0.624, -0.255, 0.739, -0.75, -0.752, 0.062, 0.656, 2.943, -0.213, -0.965, -0.152, 0.056],
                [0.636, 0.067, 0.768, -0.75, -0.741, -0.331, 0.585, 2.943, 0.215, -0.941, -0.26, 0.056],
                [0.719, -0.151, 0.678, -0.75, -0.676, -0.377, 0.633, 2.943, 0.16, -0.914, -0.373, 0.056]
            ]
        },
        {
            "name": "left_front_leg_tip",
            "time": [0.0, 0.233, 0.417, 0.717, 1.067],
            "transform": [[1.0, 0.0, 0.053, 0.0, 0.0, 1.0, -0, 1.253, 0.053, 0, 1.0, 0.0],
                [0.998, 0.025, 0.054, 0.0, 0.017, 0.989, -0.149, 1.253, 0.057, 0.148, 0.987, 0.0],
                [0.968, 0.251, 0.011, 0.0, -0.226, 0.889, -0.399, 1.253, -0.11, 0.384, 0.917, 0.0],
                [0.997, 0.036, 0.07, 0.0, 0.027, 0.991, -0.133, 1.253, 0.074, 0.13, 0.989, 0.0],
                [0.956, 0.118, -0.268, 0.0, -0.184, 0.954, -0.236, 1.253, 0.228, 0.275, 0.934, 0.0]
            ]
        },
        {
            "name": "left_front_foot",
            "time": [0.0, 0.233, 0.417, 0.717, 1.067],
            "transform": [[0.826, -0.49, -0.28, 0.0, -0.123, 0.327, -0.937, 1.489, 0.551, 0.808, 0.21, 0.0],
                [0.802, -0.578, -0.153, 0.0, 0.188, 0.487, -0.853, 1.489, 0.568, 0.655, 0.499, 0.0],
                [0.778, -0.341, -0.527, 0.0, 0.033, 0.861, -0.508, 1.489, 0.627, 0.378, 0.681, 0.0],
                [0.825, -0.263, -0.5, 0.0, 0.012, 0.876, -0.482, 1.489, 0.565, 0.404, 0.72, 0.0],
                [0.815, -0.471, -0.338, 0.0, 0.23, 0.798, -0.558, 1.489, 0.532, 0.377, 0.758, 0.0]
            ]
        },
        {
            "name": "right_wing",
            "time": [0.0, 0.233, 0.417, 0.717, 1.067],
            "transform": [[0.021, 0.859, -0.511, 0.749, -0.983, 0.075, 0.167, 2.885, 0.182, 0.506, 0.843, 0.736],
                [0.087, 0.6, 0.795, 0.749, -0.992, 0.024, 0.126, 2.885, 0.095, -0.799, 0.593, 0.736],
                [0.1, 0.51, 0.854, 0.749, -0.991, 0.022, 0.129, 2.885, 0.085, -0.86, 0.504, 0.736],
                [0.185, 0.974, -0.134, 0.749, -0.95, 0.212, 0.229, 2.885, 0.252, 0.085, 0.964, 0.736],
                [0.087, 0.474, -0.876, 0.749, -0.926, 0.364, 0.105, 2.885, 0.368, 0.802, 0.471, 0.736]
            ]
        },
        {
            "name": "right_wing_tip",
            "time": [0.0, 0.083, 0.233, 0.417, 0.717, 1.067],
            "transform": [[1, 0.001, 0.001, 0.0, 0.001, 0.902, -0.432, 3.5, 0.002, 0.432, 0.902, 0.0],
                [1, 0, 0.001, 0.0, 0, 0.913, -0.408, 3.5, 0.001, 0.408, 0.913, 0.0],
                [1.0, 0.0, 0.0, 0.0, 0.0, 0.619, 0.785, 3.5, 0.0, -0.785, 0.619, 0.0],
                [1.0, 0.0, 0.0, 0.0, 0.0, 0.574, 0.819, 3.5, 0.0, -0.819, 0.574, 0.0],
                [1, 0.001, 0.003, 0.0, 0, 0.982, 0.191, 3.5, 0.003, -0.191, 0.982, 0.0],
                [1, 0.0, 0.005, 0.0, 0.002, 0.906, -0.423, 3.5, 0.004, 0.423, 0.906, 0.0]
            ]
        },
        {
            "name": "left_wing",
            "time": [0.0, 0.233, 0.417, 0.717, 1.067],
            "transform": [[0.05, -0.854, 0.518, -0.75, 0.979, 0.061, 0.194, 2.838, -0.197, 0.517, 0.833, 0.753],
                [0.085, -0.601, -0.795, -0.75, 0.992, 0.026, 0.126, 2.838, 0.096, -0.799, 0.594, 0.753],
                [0.1, -0.51, -0.854, -0.75, 0.991, 0.021, 0.129, 2.838, 0.084, -0.86, 0.504, 0.753],
                [0.185, -0.974, 0.131, -0.75, 0.95, 0.212, 0.229, 2.838, -0.251, 0.083, 0.965, 0.753],
                [0.088, -0.478, 0.874, -0.75, 0.926, 0.363, 0.106, 2.838, -0.368, 0.8, 0.475, 0.753]
            ]
        },
        {
            "name": "left_wing_tip",
            "time": [0.0, 0.083, 0.233, 0.417, 0.717, 1.067],
            "transform": [[1, 0.002, 0, 0.0, 0.002, 0.884, -0.468, 3.5, 0.001, 0.468, 0.884, 0.0],
                [1.0, 0.001, 0.001, 0.0, -0, 0.914, -0.406, 3.5, 0.001, 0.406, 0.914, 0.0],
                [1.0, 0.0, 0.0, 0.0, 0.0, 0.62, 0.785, 3.5, 0.0, -0.785, 0.62, 0.0],
                [1.0, 0.0, 0.0, 0.0, 0.0, 0.574, 0.819, 3.5, 0.0, -0.819, 0.574, 0.0],
                [1, 0.001, 0.002, 0.0, 0.001, 0.982, 0.191, 3.5, 0.003, -0.191, 0.982, 0.0],
                [1, 0.001, 0.005, 0.0, 0.003, 0.906, -0.423, 3.5, 0.004, 0.423, 0.906, 0.0]
            ]
        },
        {
            "name": "neck",
            "time": [0.0, 0.233, 0.417, 0.717, 1.067],
            "transform": [[1.0, 0.0, 0.0, 0.0, 0.0, 0.978, 0.21, 3.494, 0.0, -0.21, 0.978, 0.0],
                [1.0, 0.0, 0.0, 0.0, 0.0, 0.997, 0.073, 3.494, 0.0, 0.073, 0.997, 0.0],
                [1.0, 0.0, 0.0, 0.0, 0.0, 0.989, -0.15, 3.494, 0.0, 0.15, 0.989, 0.0],
                [1.0, 0.0, 0.0, 0.0, 0.0, 0.984, -0.177, 3.494, 0.0, 0.177, 0.984, 0.0],
                [1.0, 0.0, 0.0, 0.0, 0.0, 0.996, 0.086, 3.494, 0.0, 0.086, 0.996, 0.0]
            ]
        },
        {
            "name": "neck2",
            "time": [0.0, 0.233, 0.417, 0.717, 1.067],
            "transform": [[1.0, 0.0, 0.0, 0.0, 0.0, 0.998, 0.066, 0.624, 0.0, 0.066, 0.998, 0.0],
                [1.0, 0.0, 0.0, 0.0, 0.0, 1.0, 0.051, 0.624, 0.0, 0.051, 1.0, 0.0],
                [1.0, 0.0, 0.0, 0.0, 0.0, 0.992, 0.125, 0.624, 0.0, -0.125, 0.992, 0.0],
                [1.0, 0.0, 0.0, 0.0, 0.0, 0.988, 0.154, 0.624, 0.0, -0.154, 0.988, 0.0],
                [1.0, 0.0, 0.0, 0.0, 0.0, 0.998, 0.064, 0.624, 0.0, 0.064, 0.998, 0.0]
            ]
        },
        {
            "name": "neck3",
            "time": [0.0, 0.233, 0.417, 0.717, 1.067],
            "transform": [[1.0, 0.0, 0.0, 0.0, 0.0, 0.99, -0.139, 0.627, 0.0, 0.139, 0.99, 0.0],
                [1.0, 0.0, 0.0, 0.0, 0.0, 1, 0.023, 0.627, 0.0, 0.023, 1, 0.0],
                [1.0, 0.0, 0.0, 0.0, 0.0, 0.998, 0.061, 0.627, 0.0, 0.061, 0.998, 0.0],
                [1.0, 0.0, 0.0, 0.0, 0.0, 0.996, 0.091, 0.627, 0.0, 0.091, 0.996, 0.0],
                [1.0, 0.0, 0.0, 0.0, 0.0, 1.0, 0.047, 0.627, 0.0, 0.047, 1.0, 0.0]
            ]
        },
        {
            "name": "neck4",
            "time": [0.0, 0.233, 0.417, 0.717, 1.067],
            "transform": [[1.0, 0.0, 0.0, 0.0, 0.0, 0.995, 0.099, 0.624, 0.0, 0.099, 0.995, 0.0],
                [1.0, 0.0, 0.0, 0.0, 0.0, 0.894, 0.448, 0.624, 0.0, -0.448, 0.894, 0.0],
                [1.0, 0.0, 0.0, 0.0, 0.0, 0.92, 0.393, 0.624, 0.0, -0.393, 0.92, 0.0],
                [1.0, 0.0, 0.0, 0.0, 0.0, 0.93, 0.369, 0.624, 0.0, -0.369, 0.93, 0.0],
                [1.0, 0.0, 0.0, 0.0, 0.0, 0.92, 0.391, 0.624, 0.0, -0.391, 0.92, 0.0]
            ]
        },
        {
            "name": "neck5",
            "time": [0.0, 0.233, 0.417, 0.717, 1.067],
            "transform": [[1.0, 0.0, 0.0, 0.0, 0.0, 0.996, 0.086, 0.624, 0.0, 0.086, 0.996, 0.0],
                [1.0, 0.0, 0.0, 0.0, 0.0, 0.953, 0.303, 0.624, 0.0, -0.303, 0.953, 0.0],
                [1.0, 0.0, 0.0, 0.0, 0.0, 0.966, 0.259, 0.624, 0.0, -0.259, 0.966, 0.0],
                [1.0, 0.0, 0.0, 0.0, 0.0, 0.97, 0.242, 0.624, 0.0, -0.242, 0.97, 0.0],
                [1.0, 0.0, 0.0, 0.0, 0.0, 0.964, 0.266, 0.624, 0.0, -0.266, 0.964, 0.0]
            ]
        },
        {
            "name": "head",
            "time": [0.0, 0.233, 0.417, 0.717, 1.067],
            "transform": [[1.0, 0.0, 0.0, 0.0, 0.0, 0.977, -0.212, 0.629, 0.0, 0.212, 0.977, 0.0],
                [1.0, 0.0, 0.0, 0.0, 0.0, 0.965, -0.261, 0.629, 0.0, 0.261, 0.965, 0.0],
                [1.0, 0.0, 0.0, 0.0, 0.0, 0.982, 0.19, 0.629, 0.0, -0.19, 0.982, 0.0],
                [1.0, 0.0, 0.0, 0.0, 0.0, 0.997, 0.08, 0.629, 0.0, 0.08, 0.997, 0.0],
                [1.0, 0.0, 0.0, 0.0, 0.0, 0.939, -0.345, 0.629, 0.0, 0.345, 0.939, 0.0]
            ]
        },
        {
            "name": "upperJaw",
            "time": [0.0, 0.233, 0.417, 0.717, 1.067],
            "transform": [[1.0, 0.0, 0.0, 0.001, 0.0, 0.998, 0.056, 0.873, 0.0, 0.056, 0.998, -0.25],
                [1.0, 0.0, 0.0, 0.001, 0.0, 0.998, 0.056, 0.873, 0.0, 0.056, 0.998, -0.25],
                [1.0, 0.0, 0.0, 0.001, 0.0, 0.998, 0.056, 0.873, 0.0, 0.056, 0.998, -0.25],
                [1.0, 0.0, 0.0, 0.001, 0.0, 0.998, 0.056, 0.873, 0.0, 0.056, 0.998, -0.25],
                [1.0, 0.0, 0.0, 0.001, 0.0, 0.998, 0.056, 0.873, 0.0, 0.056, 0.998, -0.25]
            ]
        },
        {
            "name": "jaw",
            "time": [0.0, 0.233, 0.417, 0.717, 1.067],
            "transform": [[1.0, 0.0, 0.0, 0.001, 0.0, 1.0, 0.0, 0.873, 0.0, 0.0, 1.0, -0.258],
                [1.0, 0.0, 0.0, 0.001, 0.0, 1.0, 0.0, 0.873, 0.0, 0.0, 1.0, -0.258],
                [1.0, 0.0, 0.0, 0.001, 0.0, 1.0, 0.0, 0.873, 0.0, 0.0, 1.0, -0.258],
                [1.0, 0.0, 0.0, 0.001, 0.0, 1.0, 0.0, 0.873, 0.0, 0.0, 1.0, -0.258],
                [1.0, 0.0, 0.0, 0.001, 0.0, 1.0, 0.0, 0.873, 0.0, 0.0, 1.0, -0.258]
            ]
        }
    ]
}