{
    "animation": [
        {
            "name": "root",
            "time": [0.0, 0.283, 0.567, 1.167],
            "transform": [[1.0, 0.0, 0.0, 0.0, 0.0, 0.977, -0.215, -1.27, 0.0, 0.215, 0.977, 4.313],
                [1.0, 0.0, 0.0, 0.0, 0.0, 0.995, 0.097, -2.856, 0.0, 0.097, 0.995, 2.899],
                [1.0, 0.0, 0.0, 0.0, 0.0, 0.995, 0.097, -2.856, 0.0, 0.097, 0.995, 2.409],
                [1.0, 0.0, 0.0, 0.0, 0.0, 0.995, 0.097, -2.856, 0.0, 0.097, 0.995, 2.409]
            ]
        },
        {
            "name": "right_hind_leg",
            "time": [0.0, 0.283, 0.567, 1.167],
            "transform": [[1, 0.0, 0.0, 1, 0.0, -0.456, 0.89, 0.086, 0.0, -0.89, -0.456, -0.271],
                [1, 0.0, 0.0, 1, 0.0, 0.823, 0.568, 0.086, 0.0, -0.568, 0.823, -0.271],
                [1, 0.0, 0.0, 1, 0.0, 0.911, 0.412, 0.086, 0.0, -0.412, 0.911, -0.271],
                [1, 0.0, 0.0, 1, 0.0, 0.911, 0.412, 0.086, 0.0, -0.412, 0.911, -0.271]
            ]
        },
        {
            "name": "right_hind_leg_tip",
            "time": [0.0, 0.283, 0.567, 1.167],
            "transform": [[1.0, 0.0, 0.0, 0.0, 0.0, 0.99, 0.138, 1.692, 0.0, -0.138, 0.99, 0.0],
                [1.0, 0.0, 0.0, 0.0, 0.0, -0.174, 0.985, 1.692, 0.0, -0.985, -0.174, 0.0],
                [1.0, 0.0, 0.0, 0.0, 0.0, -0.473, 0.881, 1.692, 0.0, -0.881, -0.473, 0.0],
                [1.0, 0.0, 0.0, 0.0, 0.0, -0.473, 0.881, 1.692, 0.0, -0.881, -0.473, 0.0]
            ]
        },
        {
            "name": "right_hind_foot",
            "time": [0.0, 0.283, 0.567, 1.167],
            "transform": [[1.0, 0.0, 0.0, 0.0, 0.0, -0.124, -0.992, 2.16, 0.0, 0.992, -0.124, 0.0],
                [1.0, 0.0, 0.0, 0.0, 0.0, -0.769, -0.639, 2.16, 0.0, 0.639, -0.769, 0.0],
                [1.0, 0.0, 0.0, 0.0, 0.0, -0.85, -0.528, 2.16, 0.0, 0.528, -0.85, 0.0],
                [1.0, 0.0, 0.0, 0.0, 0.0, -0.85, -0.528, 2.16, 0.0, 0.528, -0.85, 0.0]
            ]
        },
        {
            "name": "left_hind_leg",
            "time": [0.0, 0.283, 0.567, 1.167],
            "transform": [[1, 0.0, 0.0, -1, 0.0, -0.456, 0.89, 0.086, 0.0, -0.89, -0.456, -0.271],
                [1, 0.0, 0.0, -1, 0.0, 0.823, 0.568, 0.086, 0.0, -0.568, 0.823, -0.271],
                [1, 0.0, 0.0, -1, 0.0, 0.911, 0.412, 0.086, 0.0, -0.412, 0.911, -0.271],
                [1, 0.0, 0.0, -1, 0.0, 0.911, 0.412, 0.086, 0.0, -0.412, 0.911, -0.271]
            ]
        },
        {
            "name": "left_hind_leg_tip",
            "time": [0.0, 0.283, 0.567, 1.167],
            "transform": [[1.0, 0.0, 0.0, 0.0, 0.0, 0.99, 0.139, 1.692, 0.0, -0.139, 0.99, 0.0],
                [1.0, 0.0, 0.0, 0.0, 0.0, -0.174, 0.985, 1.692, 0.0, -0.985, -0.174, 0.0],
                [1.0, 0.0, 0.0, 0.0, 0.0, -0.473, 0.881, 1.692, 0.0, -0.881, -0.473, 0.0],
                [1.0, 0.0, 0.0, 0.0, 0.0, -0.473, 0.881, 1.692, 0.0, -0.881, -0.473, 0.0]
            ]
        },
        {
            "name": "left_hind_foot",
            "time": [0.0, 0.283, 0.567, 1.167],
            "transform": [[1.0, 0.0, 0.0, 0.0, 0.0, -0.124, -0.992, 2.16, 0.0, 0.992, -0.124, 0.0],
                [1.0, 0.0, 0.0, 0.0, 0.0, -0.769, -0.639, 2.16, 0.0, 0.639, -0.769, 0.0],
                [1.0, 0.0, 0.0, 0.0, 0.0, -0.85, -0.528, 2.16, 0.0, 0.528, -0.85, 0.0],
                [1.0, 0.0, 0.0, 0.0, 0.0, -0.85, -0.528, 2.16, 0.0, 0.528, -0.85, 0.0]
            ]
        },
        {
            "name": "body",
            "time": [0.0, 0.283, 1.167],
            "transform": [[1.0, 0.0, 0.0, 0.0, 0.0, 1, 0.017, 0.274, 0.0, 0.017, 1, 0.0],
                [1.0, 0.0, 0.0, 0.0, 0.0, 1, 0.017, 0.274, 0.0, 0.017, 1, 0.0],
                [1.0, 0.0, 0.0, 0.0, 0.0, 1, 0.017, 0.274, 0.0, 0.017, 1, 0.0]
            ]
        },
        {
            "name": "neck_tail_1",
            "time": [0.0, 0.283, 0.567, 1.167],
            "transform": [[-1.0, 0.0, 0.0, 0.0, 0.0, -0.9, 0.435, -0.516, 0.0, 0.435, 0.9, 0.429],
                [-1.0, 0.0, 0.0, 0.0, 0.0, -0.973, 0.231, -0.516, 0.0, 0.231, 0.973, 0.429],
                [-1.0, 0.0, 0.0, 0.0, 0.0, -1.0, 0.035, -0.516, 0.0, 0.035, 1.0, 0.429],
                [-1.0, 0.0, 0.0, 0.0, 0.0, -1.0, 0.035, -0.516, 0.0, 0.035, 1.0, 0.429]
            ]
        },
        {
            "name": "neck_tail_2",
            "time": [0.0, 0.283, 0.567, 1.167],
            "transform": [[1, 0.0, 0.0, 0.0, 0.0, 0.923, -0.384, 0.616, 0.0, 0.384, 0.923, 0.0],
                [1, 0.0, 0.0, 0.0, 0.0, 0.976, -0.217, 0.616, 0.0, 0.217, 0.976, 0.0],
                [1, 0.0, 0.0, 0.0, 0.0, 1, 0.004, 0.616, 0.0, 0.004, 1, 0.0],
                [1, 0.0, 0.0, 0.0, 0.0, 1, 0.004, 0.616, 0.0, 0.004, 1, 0.0]
            ]
        },
        {
            "name": "neck_tail_3",
            "time": [0.0, 0.283, 0.567, 1.167],
            "transform": [[1.0, 0.0, 0.0, 0.0, 0.0, 0.957, -0.292, 0.625, 0.0, 0.292, 0.957, 0.0],
                [1.0, 0.0, 0.0, 0.0, 0.0, 0.984, -0.181, 0.625, 0.0, 0.181, 0.984, 0.0],
                [1.0, 0.0, 0.0, 0.0, 0.0, 1.0, 0.042, 0.625, 0.0, 0.042, 1.0, 0.0],
                [1.0, 0.0, 0.0, 0.0, 0.0, 1.0, 0.042, 0.625, 0.0, 0.042, 1.0, 0.0]
            ]
        },
        {
            "name": "neck_tail_4",
            "time": [0.0, 0.283, 0.567, 1.167],
            "transform": [[1.0, 0.0, 0.0, 0.0, 0.0, 0.982, -0.19, 0.626, 0.0, 0.19, 0.982, 0.0],
                [1.0, 0.0, 0.0, 0.0, 0.0, 0.99, -0.138, 0.626, 0.0, 0.138, 0.99, 0.0],
                [1.0, 0.0, 0.0, 0.0, 0.0, 0.997, 0.074, 0.626, 0.0, 0.074, 0.997, 0.0],
                [1.0, 0.0, 0.0, 0.0, 0.0, 0.997, 0.074, 0.626, 0.0, 0.074, 0.997, 0.0]
            ]
        },
        {
            "name": "neck_tail_5",
            "time": [0.0, 0.283, 0.567, 1.167],
            "transform": [[1.0, 0.0, 0.0, 0.0, 0.0, 1, 0.029, 0.625, 0.0, 0.029, 1, 0.0],
                [1.0, 0.0, 0.0, 0.0, 0.0, 0.996, 0.087, 0.625, 0.0, 0.087, 0.996, 0.0],
                [1.0, 0.0, 0.0, 0.0, 0.0, 0.995, 0.099, 0.625, 0.0, 0.099, 0.995, 0.0],
                [1.0, 0.0, 0.0, 0.0, 0.0, 0.995, 0.099, 0.625, 0.0, 0.099, 0.995, 0.0]
            ]
        },
        {
            "name": "neck_tail_6",
            "time": [0.0, 0.283, 0.567, 1.167],
            "transform": [[1.0, 0.0, 0.0, 0.0, 0.0, 0.991, 0.135, 0.623, 0.0, -0.135, 0.991, 0.0],
                [1.0, 0.0, 0.0, 0.0, 0.0, 1, 0.023, 0.623, 0.0, 0.023, 1, 0.0],
                [1.0, 0.0, 0.0, 0.0, 0.0, 0.993, -0.115, 0.623, 0.0, 0.115, 0.993, 0.0],
                [1.0, 0.0, 0.0, 0.0, 0.0, 0.993, -0.115, 0.623, 0.0, 0.115, 0.993, 0.0]
            ]
        },
        {
            "name": "neck_tail_7",
            "time": [0.0, 0.283, 0.567, 1.167],
            "transform": [[1.0, 0.0, 0.0, 0.0, 0.0, 0.972, 0.235, 0.625, 0.0, -0.235, 0.972, 0.0],
                [1.0, 0.0, 0.0, 0.0, 0.0, 0.997, 0.076, 0.625, 0.0, 0.076, 0.997, 0.0],
                [1.0, 0.0, 0.0, 0.0, 0.0, 0.993, -0.122, 0.625, 0.0, 0.122, 0.993, 0.0],
                [1.0, 0.0, 0.0, 0.0, 0.0, 0.993, -0.122, 0.625, 0.0, 0.122, 0.993, 0.0]
            ]
        },
        {
            "name": "neck_tail_8",
            "time": [0.0, 0.283, 0.567, 1.167],
            "transform": [[1.0, 0.0, 0.0, 0.0, 0.0, 0.962, 0.275, 0.625, 0.0, -0.275, 0.962, 0.0],
                [1.0, 0.0, 0.0, 0.0, 0.0, 0.995, 0.099, 0.625, 0.0, 0.099, 0.995, 0.0],
                [1.0, 0.0, 0.0, 0.0, 0.0, 0.993, -0.12, 0.625, 0.0, 0.12, 0.993, 0.0],
                [1.0, 0.0, 0.0, 0.0, 0.0, 0.993, -0.12, 0.625, 0.0, 0.12, 0.993, 0.0]
            ]
        },
        {
            "name": "neck_tail_9",
            "time": [0.0, 0.283, 0.567, 1.167],
            "transform": [[1.0, 0.0, 0.0, 0.0, 0.0, 0.962, 0.274, 0.625, 0.0, -0.274, 0.962, 0.0],
                [1.0, 0.0, 0.0, 0.0, 0.0, 0.995, 0.104, 0.625, 0.0, -0.104, 0.995, 0.0],
                [1.0, 0.0, 0.0, 0.0, 0.0, 0.994, -0.108, 0.625, 0.0, 0.108, 0.994, 0.0],
                [1.0, 0.0, 0.0, 0.0, 0.0, 0.994, -0.108, 0.625, 0.0, 0.108, 0.994, 0.0]
            ]
        },
        {
            "name": "neck_tail_10",
            "time": [0.0, 0.283, 0.567, 1.167],
            "transform": [[1.0, 0.0, 0.0, 0.0, 0.0, 0.97, 0.242, 0.626, 0.0, -0.242, 0.97, 0.0],
                [1.0, 0.0, 0.0, 0.0, 0.0, 0.996, 0.095, 0.626, 0.0, 0.095, 0.996, 0.0],
                [1.0, 0.0, 0.0, 0.0, 0.0, 0.996, 0.089, 0.626, 0.0, 0.089, 0.996, 0.0],
                [1.0, 0.0, 0.0, 0.0, 0.0, 0.996, 0.089, 0.626, 0.0, 0.089, 0.996, 0.0]
            ]
        },
        {
            "name": "neck_tail_11",
            "time": [0.0, 0.283, 0.567, 1.167],
            "transform": [[1.0, 0.0, 0.0, 0.0, 0.0, 0.984, 0.179, 0.625, 0.0, -0.179, 0.984, 0.0],
                [1.0, 0.0, 0.0, 0.0, 0.0, 0.997, 0.071, 0.625, 0.0, 0.071, 0.997, 0.0],
                [1.0, 0.0, 0.0, 0.0, 0.0, 0.998, 0.063, 0.625, 0.0, 0.063, 0.998, 0.0],
                [1.0, 0.0, 0.0, 0.0, 0.0, 0.998, 0.063, 0.625, 0.0, 0.063, 0.998, 0.0]
            ]
        },
        {
            "name": "neck_tail_12",
            "time": [0.0, 0.283, 0.567, 1.167],
            "transform": [[1.0, 0.0, 0.0, 0.0, 0.0, 0.995, 0.095, 0.625, 0.0, 0.095, 0.995, 0.0],
                [1.0, 0.0, 0.0, 0.0, 0.0, 1.0, 0.038, 0.625, 0.0, 0.038, 1.0, 0.0],
                [1.0, 0.0, 0.0, 0.0, 0.0, 1.0, 0.032, 0.625, 0.0, 0.032, 1.0, 0.0],
                [1.0, 0.0, 0.0, 0.0, 0.0, 1.0, 0.032, 0.625, 0.0, 0.032, 1.0, 0.0]
            ]
        },
        {
            "name": "right_front_leg",
            "time": [0.0, 0.283, 0.567, 1.167],
            "transform": [[0.744, 0.151, -0.65, 0.75, 0.652, -0.377, 0.658, 2.943, -0.146, -0.914, -0.379, 0.056],
                [0.695, 0.394, -0.602, 0.75, 0.679, 0.082, 0.73, 2.943, 0.238, -0.916, -0.324, 0.056],
                [0.657, 0.623, -0.425, 0.75, 0.686, -0.26, 0.68, 2.943, 0.313, -0.738, -0.598, 0.056],
                [0.657, 0.623, -0.425, 0.75, 0.686, -0.26, 0.68, 2.943, 0.313, -0.738, -0.598, 0.056]
            ]
        },
        {
            "name": "right_front_leg_tip",
            "time": [0.0, 0.283, 0.567, 1.167],
            "transform": [[0.956, -0.128, 0.266, 0.0, 0.191, 0.954, -0.23, 1.253, -0.224, 0.271, 0.936, 0.0],
                [0.871, -0.167, 0.461, 0.0, 0.456, 0.623, -0.636, 1.253, -0.181, 0.765, 0.619, 0.0],
                [0.803, -0.202, 0.561, 0.0, 0.579, 0.039, -0.814, 1.253, 0.142, 0.979, 0.148, 0.0],
                [0.803, -0.202, 0.561, 0.0, 0.579, 0.039, -0.814, 1.253, 0.142, 0.979, 0.148, 0.0]
            ]
        },
        {
            "name": "right_front_foot",
            "time": [0.0, 0.283, 0.567, 1.167],
            "transform": [[0.769, 0.539, 0.344, 0.0, -0.307, 0.783, -0.54, 1.489, -0.561, 0.31, 0.768, 0.0],
                [0.883, 0.432, -0.182, 0.0, -0.336, 0.313, -0.888, 1.489, -0.327, 0.846, 0.422, 0.0],
                [0.836, 0.459, -0.3, 0.0, -0.516, 0.473, -0.715, 1.489, -0.187, 0.752, 0.632, 0.0],
                [0.836, 0.459, -0.3, 0.0, -0.516, 0.473, -0.715, 1.489, -0.187, 0.752, 0.632, 0.0]
            ]
        },
        {
            "name": "left_front_leg",
            "time": [0.0, 0.283, 0.567, 1.167],
            "transform": [[0.719, -0.151, 0.678, -0.75, -0.676, -0.377, 0.633, 2.943, 0.16, -0.914, -0.373, 0.056],
                [0.671, -0.394, 0.628, -0.75, -0.706, 0.081, 0.704, 2.943, -0.226, -0.916, -0.333, 0.056],
                [0.64, -0.623, 0.449, -0.75, -0.711, -0.259, 0.654, 2.943, -0.291, -0.738, -0.609, 0.056],
                [0.64, -0.623, 0.449, -0.75, -0.711, -0.259, 0.654, 2.943, -0.291, -0.738, -0.609, 0.056]
            ]
        },
        {
            "name": "left_front_leg_tip",
            "time": [0.0, 0.283, 0.567, 1.167],
            "transform": [[0.956, 0.118, -0.268, 0.0, -0.184, 0.954, -0.236, 1.253, 0.228, 0.275, 0.934, 0.0],
                [0.88, 0.139, -0.455, 0.0, -0.435, 0.623, -0.651, 1.253, 0.193, 0.77, 0.608, 0.0],
                [0.826, 0.166, -0.539, 0.0, -0.552, 0.039, -0.833, 1.253, -0.117, 0.985, 0.123, 0.0],
                [0.826, 0.166, -0.539, 0.0, -0.552, 0.039, -0.833, 1.253, -0.117, 0.985, 0.123, 0.0]
            ]
        },
        {
            "name": "left_front_foot",
            "time": [0.0, 0.283, 0.567, 1.167],
            "transform": [[0.815, -0.471, -0.338, 0.0, 0.23, 0.798, -0.558, 1.489, 0.532, 0.377, 0.758, 0.0],
                [0.88, -0.442, 0.173, 0.0, 0.334, 0.32, -0.887, 1.489, 0.336, 0.838, 0.429, 0.0],
                [0.84, -0.466, 0.277, 0.0, 0.504, 0.484, -0.715, 1.489, 0.2, 0.741, 0.641, 0.0],
                [0.84, -0.466, 0.277, 0.0, 0.504, 0.484, -0.715, 1.489, 0.2, 0.741, 0.641, 0.0]
            ]
        },
        {
            "name": "right_wing",
            "time": [0.0, 0.283, 0.567, 1.167],
            "transform": [[0.087, 0.474, -0.876, 0.749, -0.926, 0.364, 0.105, 2.885, 0.368, 0.802, 0.471, 0.736],
                [-0.12, 0.879, 0.462, 0.75, -0.968, -0.207, 0.142, 2.861, 0.221, -0.43, 0.876, 0.745],
                [-0.12, 0.879, 0.462, 0.75, -0.968, -0.207, 0.142, 2.861, 0.221, -0.43, 0.876, 0.745],
                [-0.12, 0.879, 0.462, 0.75, -0.968, -0.207, 0.142, 2.861, 0.221, -0.43, 0.876, 0.745]
            ]
        },
        {
            "name": "right_wing_tip",
            "time": [0.0, 0.283, 1.167],
            "transform": [[1, 0.0, 0.005, 0.0, 0.002, 0.906, -0.423, 3.5, 0.004, 0.423, 0.906, 0.0],
                [0.885, 0.465, 0.015, 0.0, -0.465, 0.883, 0.062, 3.5, 0.015, 0.062, 0.998, 0.0],
                [0.885, 0.465, 0.015, 0.0, -0.465, 0.883, 0.062, 3.5, 0.015, 0.062, 0.998, 0.0]
            ]
        },
        {
            "name": "left_wing",
            "time": [0.0, 0.283, 0.567, 1.167],
            "transform": [[0.088, -0.478, 0.874, -0.75, 0.926, 0.363, 0.106, 2.838, -0.368, 0.8, 0.475, 0.753],
                [-0.12, -0.879, -0.462, -0.751, 0.968, -0.207, 0.142, 2.861, -0.221, -0.43, 0.876, 0.745],
                [-0.12, -0.879, -0.462, -0.751, 0.968, -0.207, 0.142, 2.861, -0.221, -0.43, 0.876, 0.745],
                [-0.12, -0.879, -0.462, -0.751, 0.968, -0.207, 0.142, 2.861, -0.221, -0.43, 0.876, 0.745]
            ]
        },
        {
            "name": "left_wing_tip",
            "time": [0.0, 0.283, 0.567, 1.167],
            "transform": [[1, 0.001, 0.005, 0.0, 0.003, 0.906, -0.423, 3.5, 0.004, 0.423, 0.906, 0.0],
                [0.885, -0.465, 0.015, 0.0, 0.465, 0.883, 0.062, 3.5, 0.015, 0.062, 0.998, 0.0],
                [0.885, -0.465, 0.015, 0.0, 0.465, 0.883, 0.062, 3.5, 0.015, 0.062, 0.998, 0.0],
                [0.885, -0.465, 0.015, 0.0, 0.465, 0.883, 0.062, 3.5, 0.015, 0.062, 0.998, 0.0]
            ]
        },
        {
            "name": "neck",
            "time": [0.0, 0.283, 0.567, 1.167],
            "transform": [[1.0, 0.0, 0.0, 0.0, 0.0, 0.996, 0.086, 3.494, 0.0, 0.086, 0.996, 0.0],
                [1.0, 0.0, 0.0, 0.0, 0.0, 0.99, 0.139, 3.494, 0.0, -0.139, 0.99, 0.0],
                [1.0, 0.0, 0.0, 0.0, 0.0, 0.99, 0.139, 3.494, 0.0, -0.139, 0.99, 0.0],
                [1.0, 0.0, 0.0, 0.0, 0.0, 0.99, 0.139, 3.494, 0.0, -0.139, 0.99, 0.0]
            ]
        },
        {
            "name": "neck2",
            "time": [0.0, 0.283, 0.567, 1.167],
            "transform": [[1.0, 0.0, 0.0, 0.0, 0.0, 0.998, 0.064, 0.624, 0.0, 0.064, 0.998, 0.0],
                [1.0, 0.0, 0.0, 0.0, 0.0, 1, 0.016, 0.624, 0.0, 0.016, 1, 0.0],
                [1.0, 0.0, 0.0, 0.0, 0.0, 1, 0.016, 0.624, 0.0, 0.016, 1, 0.0],
                [1.0, 0.0, 0.0, 0.0, 0.0, 1, 0.016, 0.624, 0.0, 0.016, 1, 0.0]
            ]
        },
        {
            "name": "neck3",
            "time": [0.0, 0.283, 0.567, 1.167],
            "transform": [[1.0, 0.0, 0.0, 0.0, 0.0, 1.0, 0.047, 0.627, 0.0, 0.047, 1.0, 0.0],
                [1.0, 0.0, 0.0, 0.0, 0.0, 0.991, -0.137, 0.627, 0.0, 0.137, 0.991, 0.0],
                [1.0, 0.0, 0.0, 0.0, 0.0, 0.991, -0.137, 0.627, 0.0, 0.137, 0.991, 0.0],
                [1.0, 0.0, 0.0, 0.0, 0.0, 0.991, -0.137, 0.627, 0.0, 0.137, 0.991, 0.0]
            ]
        },
        {
            "name": "neck4",
            "time": [0.0, 0.283, 0.567, 1.167],
            "transform": [[1.0, 0.0, 0.0, 0.0, 0.0, 0.92, 0.391, 0.624, 0.0, -0.391, 0.92, 0.0],
                [1.0, 0.0, 0.0, 0.0, 0.0, 0.985, -0.171, 0.624, 0.0, 0.171, 0.985, 0.0],
                [1.0, 0.0, 0.0, 0.0, 0.0, 0.985, -0.171, 0.624, 0.0, 0.171, 0.985, 0.0],
                [1.0, 0.0, 0.0, 0.0, 0.0, 0.985, -0.171, 0.624, 0.0, 0.171, 0.985, 0.0]
            ]
        },
        {
            "name": "neck5",
            "time": [0.0, 0.283, 0.567, 1.167],
            "transform": [[1.0, 0.0, 0.0, 0.0, 0.0, 0.964, 0.266, 0.624, 0.0, -0.266, 0.964, 0.0],
                [1.0, 0.0, 0.0, 0.0, 0.0, 0.993, -0.115, 0.624, 0.0, 0.115, 0.993, 0.0],
                [1.0, 0.0, 0.0, 0.0, 0.0, 0.993, -0.115, 0.624, 0.0, 0.115, 0.993, 0.0],
                [1.0, 0.0, 0.0, 0.0, 0.0, 0.993, -0.115, 0.624, 0.0, 0.115, 0.993, 0.0]
            ]
        },
        {
            "name": "head",
            "time": [0.0, 0.283, 0.567, 1.167],
            "transform": [[1.0, 0.0, 0.0, 0.0, 0.0, 0.939, -0.345, 0.629, 0.0, 0.345, 0.939, 0.0],
                [1.0, 0.0, 0.0, 0.0, 0.0, 0.974, 0.227, 0.629, 0.0, -0.227, 0.974, 0.0],
                [1.0, 0.0, 0.0, 0.0, 0.0, 0.966, 0.259, 0.629, 0.0, -0.259, 0.966, 0.0],
                [1.0, 0.0, 0.0, 0.0, 0.0, 0.966, 0.259, 0.629, 0.0, -0.259, 0.966, 0.0]
            ]
        },
        {
            "name": "upperJaw",
            "time": [0.0, 0.283, 0.567, 1.167],
            "transform": [[1.0, 0.0, 0.0, 0.001, 0.0, 0.998, 0.056, 0.873, 0.0, 0.056, 0.998, -0.25],
                [1.0, 0.0, 0.0, 0.001, 0.0, 0.998, 0.056, 0.873, 0.0, 0.056, 0.998, -0.25],
                [1.0, 0.0, 0.0, 0.001, 0.0, 0.998, 0.056, 0.873, 0.0, 0.056, 0.998, -0.25],
                [1.0, 0.0, 0.0, 0.001, 0.0, 0.998, 0.056, 0.873, 0.0, 0.056, 0.998, -0.25]
            ]
        },
        {
            "name": "jaw",
            "time": [0.0, 0.283, 1.167],
            "transform": [[1.0, 0.0, 0.0, 0.001, 0.0, 1.0, 0.0, 0.873, 0.0, 0.0, 1.0, -0.258],
                [1.0, 0.0, 0.0, 0.001, 0.0, 1.0, 0.0, 0.873, 0.0, 0.0, 1.0, -0.258],
                [1.0, 0.0, 0.0, 0.001, 0.0, 1.0, 0.0, 0.873, 0.0, 0.0, 1.0, -0.258]
            ]
        }
    ]
}