{
    "animation": [
        {
            "name": "root",
            "time": [0.0, 7.0, 7.6, 8.333, 9.167, 9.8],
            "transform": [[1.0, 0.0, 0.0, 0.0, 0.0, 0.977, -0.213, -1.655, 0.0, 0.213, 0.977, 1.436],
                [1.0, 0.0, 0.0, 0.0, 0.0, 0.989, -0.15, -1.655, 0.0, 0.15, 0.989, 1.436],
                [1.0, 0.05, 0.021, 0.0, 0.054, 0.923, -0.381, -1.498, 0.0, 0.382, 0.924, 1.67],
                [1.0, 0.046, 0.019, 0.0, 0.05, 0.923, -0.382, -1.498, 0.0, 0.382, 0.924, 1.644],
                [1.0, 0.0, 0.0, 0.0, 0.0, 0.989, 0.148, -1.269, 0.0, -0.148, 0.989, 2.539],
                [1.0, 0.0, 0.0, 0.0, 0.0, 0.989, 0.148, -1.269, 0.0, -0.148, 0.989, 2.539]
            ]
        },
        {
            "name": "right_hind_leg",
            "time": [0.0, 7.0, 7.6, 8.333, 9.167, 9.8],
            "transform": [[1.0, 0.0, 0.0, 1, 0.0, 0.871, 0.491, 0.545, 0.0, -0.491, 0.871, 0.036],
                [1.0, 0.0, 0.0, 1, 0.0, 0.903, 0.429, 0.545, 0.0, -0.429, 0.903, 0.036],
                [1, -0, 0.001, 1, -0, 0.658, 0.753, 0.545, 0.001, -0.753, 0.658, 0.036],
                [0.997, 0.068, 0.024, 1, 0.06, 0.609, 0.791, 0.545, 0.039, -0.79, 0.611, 0.036],
                [0.964, 0.264, 0.023, 1, -0.132, 0.401, 0.906, 0.086, 0.23, -0.877, 0.422, -0.271],
                [0.964, 0.264, 0.023, 1, -0.132, 0.401, 0.906, 0.086, 0.23, -0.877, 0.422, -0.271]
            ]
        },
        {
            "name": "right_hind_leg_tip",
            "time": [0.0, 7.0, 7.6, 8.333, 9.167, 9.8],
            "transform": [[1.0, 0.0, 0.0, 0.0, 0.0, -0.728, 0.686, 1.692, 0.0, -0.686, -0.728, 0.0],
                [1.0, 0.0, 0.0, 0.0, 0.0, -0.747, 0.665, 1.692, 0.0, -0.665, -0.747, 0.0],
                [1, 0.001, -0, 0.0, -0, -0.579, 0.815, 1.692, 0.001, -0.815, -0.579, 0.0],
                [1, 0.006, 0.007, 0.0, 0.002, -0.578, 0.816, 1.692, 0.009, -0.816, -0.578, 0.0],
                [0.982, -0.156, -0.104, 0.0, 0.085, -0.127, 0.988, 1.692, -0.168, -0.98, -0.112, 0.0],
                [0.982, -0.156, -0.104, 0.0, 0.085, -0.127, 0.988, 1.692, -0.168, -0.98, -0.112, 0.0]
            ]
        },
        {
            "name": "right_hind_foot",
            "time": [0.0, 7.0, 7.6, 8.333, 9.167, 9.8],
            "transform": [[1.0, 0.0, 0.0, 0.0, 0.0, -0.901, -0.433, 2.16, 0.0, 0.433, -0.901, 0.0],
                [1.0, 0.0, 0.0, 0.0, 0.0, -0.907, -0.421, 2.16, 0.0, 0.421, -0.907, 0.0],
                [1, 0.004, 0.002, 0.0, 0.004, -0.884, -0.467, 2.16, 8.3e-05, 0.467, -0.884, 0.0],
                [1, 0.004, 0.022, 0.0, 0.006, -0.91, -0.415, 2.16, 0.022, 0.415, -0.91, 0.0],
                [0.996, 0.075, 0.053, 0.0, 0.044, -0.894, -0.445, 2.16, 0.081, 0.441, -0.894, 0.0],
                [0.996, 0.075, 0.053, 0.0, 0.044, -0.894, -0.445, 2.16, 0.081, 0.441, -0.894, 0.0]
            ]
        },
        {
            "name": "left_hind_leg",
            "time": [0.0, 7.0, 7.6, 8.333, 8.75, 8.967, 9.167, 9.8],
            "transform": [[1, 0.0, 0.0, -1, 0.0, 0.871, 0.491, 0.545, 0.0, -0.491, 0.871, 0.036],
                [1, 0.0, 0.0, -1, 0.0, 0.903, 0.429, 0.545, 0.0, -0.429, 0.903, 0.036],
                [0.998, 0.055, 0.014, -1, 0.044, 0.601, 0.798, 0.545, 0.036, -0.797, 0.603, 0.036],
                [0.998, 0.055, 0.015, -1, 0.047, 0.661, 0.749, 0.545, 0.031, -0.749, 0.662, 0.036],
                [0.982, -0.179, 0.055, -1, 0.178, 0.805, 0.566, 0.315, 0.057, -0.566, 0.822, -0.118],
                [0.964, -0.262, 0.036, -1, 0.262, 0.934, -0.242, 0.167, 0.03, 0.243, 0.97, -0.217],
                [0.953, -0.298, 0.059, -1, 0.287, 0.946, -0.149, 0.086, 0.1, 0.125, 0.987, -0.271],
                [0.953, -0.298, 0.059, -1, 0.287, 0.946, -0.149, 0.086, 0.1, 0.125, 0.987, -0.271]
            ]
        },
        {
            "name": "left_hind_leg_tip",
            "time": [0.0, 7.0, 7.6, 8.333, 8.75, 8.967, 9.167, 9.8],
            "transform": [[1.0, 0.0, 0.0, 0.0, 0.0, -0.728, 0.686, 1.692, 0.0, -0.686, -0.728, 0.0],
                [1.0, 0.0, 0.0, 0.0, 0.0, -0.747, 0.665, 1.692, 0.0, -0.665, -0.747, 0.0],
                [1.0, 0, -6e-05, 0.0, 0, -0.566, 0.825, 1.692, 7e-05, -0.825, -0.566, 0.0],
                [1, 0.001, 0.001, 0.0, -0, -0.591, 0.807, 1.692, 0.001, -0.807, -0.591, 0.0],
                [1, 0.001, 0.002, 0.0, 0.001, -0.528, 0.849, 1.692, 0.002, -0.849, -0.528, 0.0],
                [1.0, 0.0, 0.0, 0.0, 0.0, -0.686, 0.728, 1.692, -1e-06, -0.728, -0.686, 0.0],
                [1.0, 0.0, 0.0, 0.0, 0.0, -0.223, 0.975, 1.692, 0.0, -0.975, -0.223, 0.0],
                [1.0, 0.0, 0.0, 0.0, 0.0, -0.223, 0.975, 1.692, 0.0, -0.975, -0.223, 0.0]
            ]
        },
        {
            "name": "left_hind_foot",
            "time": [0.0, 7.0, 7.6, 8.333, 8.75, 8.967, 9.167, 9.8],
            "transform": [[1.0, 0.0, 0.0, 0.0, 0.0, -0.901, -0.433, 2.16, 0.0, 0.433, -0.901, 0.0],
                [1.0, 0.0, 0.0, 0.0, 0.0, -0.907, -0.421, 2.16, 0.0, 0.421, -0.907, 0.0],
                [1, 0.006, 0.017, 0.0, 0.001, -0.908, -0.419, 2.16, 0.018, 0.419, -0.908, 0.0],
                [1, 0.007, 0.012, 0.0, 0, -0.889, -0.458, 2.16, 0.014, 0.458, -0.889, 0.0],
                [0.998, 0.053, 0.035, 0.0, 0.028, -0.865, -0.502, 2.16, 0.057, 0.499, -0.864, 0.0],
                [0.995, 0.063, 0.081, 0.0, 0.101, -0.448, -0.888, 2.16, 0.02, 0.892, -0.452, 0.0],
                [0.983, 0.177, 0.057, 0.0, 0.098, -0.234, -0.967, 2.16, -0.158, 0.956, -0.248, 0.0],
                [0.983, 0.177, 0.057, 0.0, 0.098, -0.234, -0.967, 2.16, -0.158, 0.956, -0.248, 0.0]
            ]
        },
        {
            "name": "body",
            "time": [0.0, 8.333, 9.167, 9.8],
            "transform": [[1.0, 0.0, 0.0, 0.0, 0.0, 1.0, -1e-06, 0.274, 0.0, 1e-06, 1.0, 0.0],
                [1.0, 0.0, 0.0, 0.0, 0.0, 1.0, -1e-06, 0.274, 0.0, 1e-06, 1.0, 0.0],
                [1.0, 0.0, 0.0, 0.0, 0.0, 0.996, 0.095, 0.274, 0.0, 0.095, 0.996, 0.0],
                [1.0, 0.0, 0.0, 0.0, 0.0, 0.996, 0.095, 0.274, 0.0, 0.095, 0.996, 0.0]
            ]
        },
        {
            "name": "neck_tail_1",
            "time": [0.0, 7.0, 7.6, 8.333, 9.167, 9.8],
            "transform": [[-0.906, -0.38, -0.185, 0.0, 0.371, -0.925, 0.084, -0.516, -0.203, 0.008, 0.979, 0.429],
                [-0.906, -0.38, -0.185, 0.0, 0.382, -0.924, 0.026, -0.516, -0.181, 0.047, 0.982, 0.429],
                [-1.0, 0.0, 0.0, 0.0, 0.0, -0.997, 0.075, -0.516, 0.0, 0.075, 0.997, 0.429],
                [-1.0, 0.0, 0.0, 0.0, 0.0, -0.997, 0.075, -0.516, 0.0, 0.075, 0.997, 0.429],
                [-0.993, -0.116, 0.012, 0.0, 0.117, -0.992, 0.042, -0.516, 0.007, 0.043, 1.0, 0.429],
                [-0.993, -0.116, 0.012, 0.0, 0.117, -0.992, 0.042, -0.516, 0.007, 0.043, 1.0, 0.429]
            ]
        },
        {
            "name": "neck_tail_2",
            "time": [0.0, 7.0, 7.6, 8.333, 9.167, 9.8],
            "transform": [[0.998, 0.055, 0.02, 0.0, 0.056, 0.996, 0.066, 0.616, 0.017, 0.067, 0.998, 0.0],
                [0.998, 0.055, 0.02, 0.0, 0.056, 0.996, 0.066, 0.616, 0.017, 0.067, 0.998, 0.0],
                [1, 0.0, 0.0, 0.0, 0.0, 0.995, -0.102, 0.616, 0.0, 0.102, 0.995, 0.0],
                [1, 0.0, 0.0, 0.0, 0.0, 0.995, -0.102, 0.616, 0.0, 0.102, 0.995, 0.0],
                [1.0, 0.035, 0.002, 0.0, 0.034, 0.985, 0.171, 0.616, 0.008, -0.171, 0.985, 0.0],
                [1.0, 0.035, 0.002, 0.0, 0.034, 0.985, 0.171, 0.616, 0.008, -0.171, 0.985, 0.0]
            ]
        },
        {
            "name": "neck_tail_3",
            "time": [0.0, 7.0, 7.6, 8.333, 9.167, 9.8],
            "transform": [[0.988, -0.149, 0.027, 0.0, 0.151, 0.986, 0.071, 0.625, 0.016, 0.075, 0.997, 0.0],
                [0.988, -0.149, 0.027, 0.0, 0.151, 0.986, 0.071, 0.625, 0.016, 0.075, 0.997, 0.0],
                [1.0, 0.0, 0.0, 0.0, 0.0, 0.991, -0.131, 0.625, 0.0, 0.131, 0.991, 0.0],
                [1.0, 0.0, 0.0, 0.0, 0.0, 0.991, -0.131, 0.625, 0.0, 0.131, 0.991, 0.0],
                [1, 0.028, 0.001, 0.0, 0.028, 0.986, 0.164, 0.625, 0.003, -0.164, 0.986, 0.0],
                [1, 0.028, 0.001, 0.0, 0.028, 0.986, 0.164, 0.625, 0.003, -0.164, 0.986, 0.0]
            ]
        },
        {
            "name": "neck_tail_4",
            "time": [0.0, 7.0, 7.6, 8.333, 9.167, 9.8],
            "transform": [[0.969, -0.243, 0.039, 0.0, 0.244, 0.969, 0.047, 0.626, 0.026, 0.055, 0.998, 0.0],
                [0.969, -0.243, 0.039, 0.0, 0.244, 0.969, 0.047, 0.626, 0.026, 0.055, 0.998, 0.0],
                [1.0, 0.0, 0.0, 0.0, 0.0, 0.988, -0.157, 0.626, 0.0, 0.157, 0.988, 0.0],
                [1.0, 0.0, 0.0, 0.0, 0.0, 0.988, -0.157, 0.626, 0.0, 0.157, 0.988, 0.0],
                [1, 0.022, 0.004, 0.0, 0.022, 0.99, 0.141, 0.626, 0.001, -0.141, 0.99, 0.0],
                [1, 0.022, 0.004, 0.0, 0.022, 0.99, 0.141, 0.626, 0.001, -0.141, 0.99, 0.0]
            ]
        },
        {
            "name": "neck_tail_5",
            "time": [0.0, 7.0, 7.6, 8.333, 9.167, 9.8],
            "transform": [[0.95, -0.311, 0.024, 0.0, 0.312, 0.944, 0.106, 0.625, 0.01, -0.108, 0.994, 0.0],
                [0.95, -0.311, 0.024, 0.0, 0.312, 0.944, 0.106, 0.625, 0.01, -0.108, 0.994, 0.0],
                [1.0, 0.0, 0.0, 0.0, 0.0, 0.984, -0.176, 0.625, 0.0, 0.176, 0.984, 0.0],
                [1.0, 0.0, 0.0, 0.0, 0.0, 0.984, -0.176, 0.625, 0.0, 0.176, 0.984, 0.0],
                [1, 0.017, 0.005, 0.0, 0.017, 0.995, 0.102, 0.625, 0.003, -0.102, 0.995, 0.0],
                [1, 0.017, 0.005, 0.0, 0.017, 0.995, 0.102, 0.625, 0.003, -0.102, 0.995, 0.0]
            ]
        },
        {
            "name": "neck_tail_6",
            "time": [0.0, 7.0, 7.6, 8.333, 9.167, 9.8],
            "transform": [[0.935, -0.353, 0.026, 0.0, 0.353, 0.927, 0.13, 0.623, 0.022, -0.131, 0.991, 0.0],
                [0.935, -0.353, 0.026, 0.0, 0.353, 0.927, 0.13, 0.623, 0.022, -0.131, 0.991, 0.0],
                [1.0, 0.0, 0.0, 0.0, 0.0, 0.983, -0.186, 0.623, 0.0, 0.186, 0.983, 0.0],
                [1.0, 0.0, 0.0, 0.0, 0.0, 0.983, -0.186, 0.623, 0.0, 0.186, 0.983, 0.0],
                [1, 0.013, 0.005, 0.0, 0.013, 0.998, 0.054, 0.623, 0.004, 0.055, 1.0, -1e-06],
                [1, 0.013, 0.005, 0.0, 0.013, 0.998, 0.054, 0.623, 0.004, 0.055, 1.0, -1e-06]
            ]
        },
        {
            "name": "neck_tail_7",
            "time": [0.0, 7.0, 7.6, 8.333, 9.167, 9.8],
            "transform": [[0.931, -0.364, 0.025, 0.0, 0.364, 0.92, 0.146, 0.625, 0.03, -0.145, 0.989, 0.0],
                [0.931, -0.364, 0.025, 0.0, 0.364, 0.92, 0.146, 0.625, 0.03, -0.145, 0.989, 0.0],
                [1.0, 0.0, 0.0, 0.0, 0.0, 0.983, -0.185, 0.625, 0.0, 0.185, 0.983, 0.0],
                [1.0, 0.0, 0.0, 0.0, 0.0, 0.983, -0.185, 0.625, 0.0, 0.185, 0.983, 0.0],
                [1, 0.01, 0.004, 0.0, 0.01, 1, 0.002, 0.625, 0.004, 0.002, 1, 0.0],
                [1, 0.01, 0.004, 0.0, 0.01, 1, 0.002, 0.625, 0.004, 0.002, 1, 0.0]
            ]
        },
        {
            "name": "neck_tail_8",
            "time": [0.0, 7.0, 7.6, 8.333, 9.167, 9.8],
            "transform": [[0.938, -0.347, 0.021, 0.0, 0.346, 0.926, 0.15, 0.625, 0.032, -0.148, 0.988, 0.0],
                [0.938, -0.347, 0.021, 0.0, 0.346, 0.926, 0.15, 0.625, 0.032, -0.148, 0.988, 0.0],
                [1.0, 0.0, 0.0, 0.0, 0.0, 0.985, -0.173, 0.625, 0.0, 0.173, 0.985, 0.0],
                [1.0, 0.0, 0.0, 0.0, 0.0, 0.985, -0.173, 0.625, 0.0, 0.173, 0.985, 0.0],
                [1, 0.007, 0.003, 0.0, 0.007, 1.0, 0.047, 0.625, 0.003, 0.047, 1.0, 0.0],
                [1, 0.007, 0.003, 0.0, 0.007, 1.0, 0.047, 0.625, 0.003, 0.047, 1.0, 0.0]
            ]
        },
        {
            "name": "neck_tail_9",
            "time": [0.0, 7.0, 7.6, 8.333, 9.167, 9.8],
            "transform": [[0.952, -0.305, 0.016, 0.0, 0.304, 0.942, 0.142, 0.625, 0.029, -0.14, 0.99, 0.0],
                [0.952, -0.305, 0.016, 0.0, 0.304, 0.942, 0.142, 0.625, 0.029, -0.14, 0.99, 0.0],
                [1.0, 0.0, 0.0, 0.0, 0.0, 0.988, -0.152, 0.625, 0.0, 0.152, 0.988, 1e-06],
                [1.0, 0.0, 0.0, 0.0, 0.0, 0.988, -0.152, 0.625, 0.0, 0.152, 0.988, 0.0],
                [1, 0.006, 0.002, 0.0, 0.005, 0.996, 0.089, 0.625, 0.003, 0.089, 0.996, -1e-06],
                [1, 0.006, 0.002, 0.0, 0.005, 0.996, 0.089, 0.625, 0.003, 0.089, 0.996, -1e-06]
            ]
        },
        {
            "name": "neck_tail_10",
            "time": [0.0, 7.0, 7.6, 8.333, 9.167, 9.8],
            "transform": [[0.97, -0.244, 0.009, 0.0, 0.243, 0.962, 0.123, 0.626, 0.021, -0.122, 0.992, 0.0],
                [0.97, -0.244, 0.009, 0.0, 0.243, 0.962, 0.123, 0.626, 0.021, -0.122, 0.992, 0.0],
                [1.0, 0.0, 0.0, 0.0, 0.0, 0.992, -0.122, 0.626, 0.0, 0.122, 0.992, 0.0],
                [1.0, 0.0, 0.0, 0.0, 0.0, 0.992, -0.122, 0.626, 0.0, 0.122, 0.992, 0.0],
                [1, 0.004, 0.001, 0.0, 0.004, 0.993, -0.116, 0.626, 0.002, 0.116, 0.993, 0.0],
                [1, 0.004, 0.001, 0.0, 0.004, 0.993, -0.116, 0.626, 0.002, 0.116, 0.993, 0.0]
            ]
        },
        {
            "name": "neck_tail_11",
            "time": [0.0, 7.0, 7.6, 8.333, 9.167, 9.8],
            "transform": [[0.987, -0.162, 0.01, 0.0, 0.162, 0.981, 0.108, 0.625, 0.007, -0.108, 0.994, 0.0],
                [0.987, -0.162, 0.01, 0.0, 0.162, 0.981, 0.108, 0.625, 0.007, -0.108, 0.994, 0.0],
                [1.0, 0.0, 0.0, 0.0, 0.0, 0.996, 0.086, 0.625, 0.0, 0.086, 0.996, 0.0],
                [1.0, 0.0, 0.0, 0.0, 0.0, 0.996, 0.086, 0.625, 0.0, 0.086, 0.996, -1e-06],
                [1, 0.003, 0.001, 0.0, 0.003, 0.992, -0.124, 0.625, 0.001, 0.124, 0.992, 0.0],
                [1, 0.003, 0.001, 0.0, 0.003, 0.992, -0.124, 0.625, 0.001, 0.124, 0.992, 0.0]
            ]
        },
        {
            "name": "neck_tail_12",
            "time": [0.0, 7.0, 7.6, 8.333, 9.167, 9.8],
            "transform": [[0.996, 0.086, 0.002, 0.0, 0.086, 0.995, 0.048, 0.625, 0.002, 0.048, 1.0, 0.0],
                [0.996, 0.086, 0.002, 0.0, 0.086, 0.995, 0.048, 0.625, 0.002, 0.048, 1.0, 0.0],
                [1.0, 0.0, 0.0, 0.0, 0.0, 1.0, 0.044, 0.625, 0.0, 0.044, 1.0, 0.0],
                [1.0, 0.0, 0.0, 0.0, 0.0, 1.0, 0.044, 0.625, 0.0, 0.044, 1.0, 1e-06],
                [1, 0.001, -3.4e-05, 0.0, 0.001, 0.968, -0.251, 0.625, 0, 0.251, 0.968, 0.0],
                [1, 0.001, -3.4e-05, 0.0, 0.001, 0.968, -0.251, 0.625, 0, 0.251, 0.968, 0.0]
            ]
        },
        {
            "name": "right_front_leg",
            "time": [0.0, 7.0, 7.6, 8.333, 9.167, 9.8],
            "transform": [[1.0, 0.0, 0.0, 0.75, 0.0, -0.507, 0.862, 2.917, 0.0, -0.862, -0.507, -0.176],
                [1.0, 0.0, 0.0, 0.75, 0.0, -0.52, 0.854, 2.917, 0.0, -0.854, -0.52, -0.176],
                [0.997, 0.074, 0, 0.75, 0.003, 0.034, 1.0, 2.901, 0.074, -0.997, 0.034, -0.224],
                [0.997, 0.07, 0.039, 0.75, 0.048, -0.135, 0.99, 2.914, 0.065, -0.988, -0.138, -0.184],
                [0.971, 0.147, -0.19, 0.75, 0.233, -0.391, 0.89, 2.917, 0.056, -0.909, -0.414, -0.176],
                [0.971, 0.147, -0.19, 0.75, 0.233, -0.391, 0.89, 2.917, 0.056, -0.909, -0.414, -0.176]
            ]
        },
        {
            "name": "right_front_leg_tip",
            "time": [0.0, 7.0, 7.6, 8.333, 9.167, 9.8],
            "transform": [[1.0, 0.0, 0.0, 0.0, 0.0, 0.118, -0.993, 1.253, 0.0, 0.993, 0.118, 0.0],
                [1.0, 0.0, 0.0, 0.0, 0.0, 0.082, -0.997, 1.253, 0.0, 0.997, 0.082, 0.0],
                [1, 0.007, -0, 0.0, 0.007, 1, 0.002, 1.253, 0, 0.002, 1, 0.0],
                [1, 0.009, 0.001, 0.0, 0.009, 0.989, -0.145, 1.253, 0.001, 0.145, 0.989, 0.0],
                [1.0, 0.035, 0.019, 0.0, 0.025, 0.195, -0.98, 1.253, 0.031, 0.98, 0.196, 0.0],
                [1.0, 0.035, 0.019, 0.0, 0.025, 0.195, -0.98, 1.253, 0.031, 0.98, 0.196, 0.0]
            ]
        },
        {
            "name": "right_front_foot",
            "time": [0.0, 7.0, 7.6, 8.333, 9.167, 9.8],
            "transform": [[1.0, 0.0, 0.0, 0.0, 0.0, 0.908, -0.42, 1.489, 0.0, 0.42, 0.908, 0.0],
                [1.0, 0.0, 0.0, 0.0, 0.0, 0.951, -0.308, 1.489, 0.0, 0.308, 0.951, 0.0],
                [0.996, 0.054, 0.075, 0.0, 0.089, 0.349, -0.933, 1.489, 0.024, 0.935, 0.353, 0.0],
                [0.994, 0.058, 0.088, 0.0, 0.058, 0.392, -0.918, 1.489, 0.087, 0.918, 0.386, 0.0],
                [0.97, 0.22, 0.105, 0.0, -0.108, 0.775, -0.623, 1.489, -0.219, 0.593, 0.775, 0.0],
                [0.97, 0.22, 0.105, 0.0, -0.108, 0.775, -0.623, 1.489, -0.219, 0.593, 0.775, 0.0]
            ]
        },
        {
            "name": "left_front_leg",
            "time": [0.0, 7.0, 7.6, 8.333, 8.55, 8.75, 9.167, 9.8],
            "transform": [[1.0, 0.0, 0.0, -0.75, 0.0, -0.507, 0.862, 2.917, 0.0, -0.862, -0.507, -0.176],
                [1.0, 0.0, 0.0, -0.75, 0.0, -0.52, 0.854, 2.917, 0.0, -0.854, -0.52, -0.176],
                [0.996, 0.078, 0.048, -0.75, 0.053, 0.064, 0.997, 2.913, 0.074, -0.995, 0.068, -0.202],
                [0.997, 0.072, 0.042, -0.75, 0.04, 0.031, 1.0, 2.908, 0.073, -0.997, 0.028, -0.198],
                [0.996, 0.007, 0.093, -0.75, 0.074, -0.667, 0.742, 2.917, 0.057, -0.745, -0.665, -0.176],
                [0.99, 0.057, 0.127, -0.75, -0.135, -0.616, 0.776, 2.917, 0.034, -0.786, -0.617, -0.176],
                [0.977, -0.151, 0.151, -0.75, -0.212, -0.629, 0.748, 2.917, 0.018, -0.763, -0.646, -0.176],
                [0.977, -0.151, 0.151, -0.75, -0.212, -0.629, 0.748, 2.917, 0.018, -0.763, -0.646, -0.176]
            ]
        },
        {
            "name": "left_front_leg_tip",
            "time": [0.0, 7.0, 7.6, 8.333, 8.55, 8.75, 9.167, 9.8],
            "transform": [[1.0, 0.0, 0.0, 0.0, 0.0, 0.118, -0.993, 1.253, 0.0, 0.993, 0.118, 0.0],
                [1.0, 0.0, 0.0, 0.0, 0.0, 0.082, -0.997, 1.253, 0.0, 0.997, 0.082, 0.0],
                [1.0, -0, -8e-06, 0.0, 0, 1, 0.006, 1.253, 1e-05, 0.006, 1, 0.0],
                [1, 0.001, 0, 0.0, 0.001, 1, 0.001, 1.253, -0, 0.001, 1, 0.0],
                [1.0, 0.03, 0.02, 0.0, 0.029, 0.37, -0.929, 1.253, 0.021, 0.929, 0.37, 0.0],
                [1, 0.022, 0.01, 0.0, 0.019, 0.444, -0.896, 1.253, 0.016, 0.896, 0.444, 0.0],
                [1, 0.007, 0.005, 0.0, 0.006, 0.103, -0.995, 1.253, 0.007, 0.995, 0.103, 0.0],
                [1, 0.007, 0.005, 0.0, 0.006, 0.103, -0.995, 1.253, 0.007, 0.995, 0.103, 0.0]
            ]
        },
        {
            "name": "left_front_foot",
            "time": [0.0, 7.0, 7.6, 8.333, 8.55, 8.75, 9.167, 9.8],
            "transform": [[1.0, 0.0, 0.0, 0.0, 0.0, 0.908, -0.42, 1.489, 0.0, 0.42, 0.908, 0.0],
                [1.0, 0.0, 0.0, 0.0, 0.0, 0.951, -0.308, 1.489, 0.0, 0.308, 0.951, 0.0],
                [0.995, 0.036, 0.094, 0.0, -0.101, 0.324, -0.941, 1.489, 0.003, 0.945, 0.326, 0.0],
                [0.998, 0.039, 0.053, 0.0, 0.035, 0.359, -0.933, 1.489, 0.055, 0.933, 0.357, 0.0],
                [1, 0.018, 0.015, 0.0, 0.023, 0.689, -0.724, 1.489, 0.003, 0.725, 0.689, 0.0],
                [0.99, -0.134, 0.033, 0.0, 0.104, 0.566, -0.818, 1.489, 0.091, 0.813, 0.575, 0.0],
                [0.977, -0.213, 0.025, 0.0, 0.121, 0.643, -0.757, 1.489, 0.177, 0.736, 0.653, 0.0],
                [0.977, -0.213, 0.025, 0.0, 0.121, 0.643, -0.757, 1.489, 0.177, 0.736, 0.653, 0.0]
            ]
        },
        {
            "name": "right_wing",
            "time": [0.0, 7.0, 7.5, 8.333, 9.167, 9.8],
            "transform": [[0.75, 0.066, 0.658, 0.75, 0.012, 0.993, -0.114, 2.244, -0.661, 0.094, 0.745, 0.535],
                [0.75, 0.066, 0.658, 0.75, 0.061, 0.984, -0.168, 2.244, -0.658, 0.166, 0.734, 0.535],
                [0.75, 0.632, -0.198, 0.75, -0.51, 0.359, -0.782, 2.861, -0.422, 0.687, 0.591, 0.745],
                [0.72, 0.635, -0.28, 0.75, -0.569, 0.308, -0.762, 2.861, -0.398, 0.708, 0.583, 0.745],
                [-0.377, 0.572, 0.728, 0.75, -0.684, -0.702, 0.197, 2.861, 0.624, -0.424, 0.656, 0.745],
                [-0.377, 0.572, 0.728, 0.75, -0.684, -0.702, 0.197, 2.861, 0.624, -0.424, 0.656, 0.745]
            ]
        },
        {
            "name": "right_wing_tip",
            "time": [0.0, 7.0, 7.333, 7.5, 8.333, 9.167, 9.8],
            "transform": [[1, 0.003, 0.001, 0.0, 0.003, 0.643, 0.766, 3.5, 0.001, -0.766, 0.643, 0.0],
                [1, 0.003, 0.001, 0.0, 0.002, 0.469, 0.883, 3.5, 0.002, -0.883, 0.469, 0.0],
                [1, 0.003, 0.001, 0.0, 0.003, 0.662, 0.75, 3.5, 0.001, -0.75, 0.662, 0.0],
                [1.0, 0.0, 0.0, 0.0, 0.0, 0.94, 0.342, 3.5, 0.0, -0.342, 0.94, 0.0],
                [1.0, 0.0, 0.0, 0.0, 0.0, 0.995, 0.103, 3.5, 0.0, -0.103, 0.995, 0.0],
                [0.817, 0.571, 0.084, 0.0, -0.574, 0.818, 0.023, 3.5, 0.056, 0.067, 0.996, 0.0],
                [0.817, 0.571, 0.084, 0.0, -0.574, 0.818, 0.023, 3.5, 0.056, 0.067, 0.996, 0.0]
            ]
        },
        {
            "name": "left_wing",
            "time": [0.0, 7.0, 7.5, 8.333, 9.167, 9.8],
            "transform": [[0.75, 0.066, -0.658, -0.751, 0.012, 0.993, -0.114, 2.244, 0.661, 0.094, 0.745, 0.535],
                [0.75, 0.066, -0.658, -0.751, 0.061, 0.984, -0.168, 2.244, 0.658, 0.166, 0.734, 0.535],
                [0.741, -0.632, 0.226, -0.751, 0.539, 0.36, -0.762, 2.861, 0.4, 0.686, 0.607, 0.745],
                [0.708, -0.636, 0.306, -0.751, 0.597, 0.309, -0.74, 2.861, 0.376, 0.707, 0.598, 0.745],
                [-0.377, -0.572, -0.728, -0.751, 0.684, -0.702, 0.197, 2.861, -0.624, -0.424, 0.656, 0.745],
                [-0.377, -0.572, -0.728, -0.751, 0.684, -0.702, 0.197, 2.861, -0.624, -0.424, 0.656, 0.745]
            ]
        },
        {
            "name": "left_wing_tip",
            "time": [0.0, 7.0, 7.333, 7.5, 8.333, 9.167, 9.8],
            "transform": [[1, 0.003, 0.001, 0.0, 0.003, 0.643, 0.766, 3.5, 0.001, -0.766, 0.643, 0.0],
                [1, 0.003, 0.001, 0.0, 0.002, 0.469, 0.883, 3.5, 0.002, -0.883, 0.469, 0.0],
                [1, 0.003, 0.001, 0.0, 0.003, 0.662, 0.75, 3.5, 0.001, -0.75, 0.662, 0.0],
                [1.0, 0.0, 0.0, 0.0, 0.0, 0.94, 0.342, 3.5, 0.0, -0.342, 0.94, 0.0],
                [1.0, 0.0, 0.0, 0.0, 0.0, 0.995, 0.104, 3.5, 0.0, -0.104, 0.995, 0.0],
                [0.825, -0.564, 0.009, 0.0, 0.564, 0.825, 0.03, 3.5, 0.009, 0.03, 1.0, 0.0],
                [0.825, -0.564, 0.009, 0.0, 0.564, 0.825, 0.03, 3.5, 0.009, 0.03, 1.0, 0.0]
            ]
        },
        {
            "name": "neck",
            "time": [0.0, 7.0, 7.6, 8.333, 9.167, 9.8],
            "transform": [[1.0, 0.0, 0.0, 0.0, 0.0, 0.911, -0.413, 3.494, 0.0, 0.413, 0.911, 1e-06],
                [1.0, 0.0, 0.0, 0.0, 0.0, 0.911, -0.413, 3.494, 0.0, 0.413, 0.911, 1e-06],
                [0.998, 0.055, -0, 0.0, 0.05, 0.902, -0.429, 3.494, 0.023, 0.429, 0.903, 0.0],
                [0.994, -0.112, 0.008, 0.0, 0.097, 0.896, -0.433, 3.494, 0.055, 0.43, 0.901, -1e-06],
                [1.0, 0.0, 0.0, 0.0, 0.0, 0.92, 0.392, 3.494, 0.0, -0.392, 0.92, 1e-06],
                [1.0, 0.0, 0.0, 0.0, 0.0, 0.92, 0.392, 3.494, 0.0, -0.392, 0.92, 1e-06]
            ]
        },
        {
            "name": "neck2",
            "time": [0.0, 7.0, 7.6, 8.333, 9.167, 9.8],
            "transform": [[1.0, 0.0, 0.0, 0.0, 0.0, 0.975, 0.223, 0.624, 0.0, -0.223, 0.975, 0.0],
                [1.0, 0.0, 0.0, 0.0, 0.0, 0.975, 0.223, 0.624, 0.0, -0.223, 0.975, 0.0],
                [1.0, 0.052, 0.001, 0.0, 0.052, 0.997, 0.06, 0.624, 0.002, 0.06, 0.998, 0.0],
                [1.0, 0.043, 0.006, 0.0, 0.043, 0.997, 0.06, 0.624, 0.008, 0.06, 0.998, 0.0],
                [1.0, 0.0, 0.0, 0.0, 0.0, 0.988, -0.151, 0.624, 0.0, 0.151, 0.988, 0.0],
                [1.0, 0.0, 0.0, 0.0, 0.0, 0.988, -0.151, 0.624, 0.0, 0.151, 0.988, 0.0]
            ]
        },
        {
            "name": "neck3",
            "time": [0.0, 7.0, 7.6, 8.333, 9.167, 9.8],
            "transform": [[1.0, 0.0, 0.0, 0.0, 0.0, 0.773, 0.635, 0.627, 0.0, -0.635, 0.773, 0.0],
                [1.0, 0.0, 0.0, 0.0, 0.0, 0.773, 0.635, 0.627, 0.0, -0.635, 0.773, 0.0],
                [1.0, 0.044, 0.001, 0.0, 0.044, 1.0, 0.016, 0.627, -0, 0.016, 1, 0.0],
                [1, 0.008, 0.003, 0.0, 0.008, 1, 0.014, 0.627, 0.003, 0.014, 1, 0.0],
                [1.0, 0.0, 0.0, 0.0, 0.0, 0.989, -0.149, 0.627, 0.0, 0.149, 0.989, 0.0],
                [1.0, 0.0, 0.0, 0.0, 0.0, 0.989, -0.149, 0.627, 0.0, 0.149, 0.989, 0.0]
            ]
        },
        {
            "name": "neck4",
            "time": [0.0, 7.0, 7.6, 8.333, 9.167, 9.8],
            "transform": [[1.0, 0.0, 0.0, 0.0, 0.0, 0.707, 0.708, 0.624, 0.0, -0.708, 0.707, 0.0],
                [1.0, 0.0, 0.0, 0.0, 0.0, 0.707, 0.708, 0.624, 0.0, -0.708, 0.707, 0.0],
                [1.0, 0.032, -0, 0.0, 0.032, 1.0, 0.02, 0.624, -0, 0.02, 1, 0.0],
                [1, 0.005, 0.001, 0.0, 0.005, 1, 0.016, 0.624, 0.001, 0.016, 1, 0.0],
                [1.0, 0.0, 0.0, 0.0, 0.0, 0.994, -0.109, 0.624, 0.0, 0.109, 0.994, 0.0],
                [1.0, 0.0, 0.0, 0.0, 0.0, 0.994, -0.109, 0.624, 0.0, 0.109, 0.994, 0.0]
            ]
        },
        {
            "name": "neck5",
            "time": [0.0, 7.0, 7.6, 8.333, 9.167, 9.8],
            "transform": [[1.0, 0.0, 0.0, 0.0, 0.0, 0.876, 0.482, 0.624, 0.0, -0.482, 0.876, 0.0],
                [1.0, 0.0, 0.0, 0.0, 0.0, 0.876, 0.482, 0.624, 0.0, -0.482, 0.876, 0.0],
                [1, 0.017, -9.1e-05, 0.0, 0.017, 1, 0.012, 0.624, -0, 0.012, 1, 0.0],
                [1, 0.005, -0, 0.0, 0.005, 1, 0.01, 0.624, 0, 0.01, 1, 0.0],
                [1.0, 0.0, 0.0, 0.0, 0.0, 0.998, 0.064, 0.624, 0.0, 0.064, 0.998, 0.0],
                [1.0, 0.0, 0.0, 0.0, 0.0, 0.998, 0.064, 0.624, 0.0, 0.064, 0.998, 0.0]
            ]
        },
        {
            "name": "head",
            "time": [0.0, 7.0, 7.6, 8.333, 9.167, 9.8],
            "transform": [[1.0, 0.0, 0.0, 0.0, 0.0, 0.533, 0.846, 0.629, 0.0, -0.846, 0.533, 0.0],
                [1.0, 0.0, 0.0, 0.0, 0.0, 0.444, 0.896, 0.629, 0.0, -0.896, 0.444, 0.0],
                [0.989, 0.139, 0.053, 0.0, 0.057, 0.684, -0.728, 0.629, -0.138, 0.716, 0.684, 0.0],
                [0.984, 0.068, -0.164, 0.0, 0.065, 0.721, -0.69, 0.629, 0.165, 0.69, 0.705, 0.0],
                [1.0, 0.0, 0.0, 0.0, 0.0, 1.0, 0.051, 0.629, 0.0, 0.051, 1.0, 0.0],
                [1.0, 0.0, 0.0, 0.0, 0.0, 1.0, 0.051, 0.629, 0.0, 0.051, 1.0, 0.0]
            ]
        },
        {
            "name": "upperJaw",
            "time": [0.0, 7.0, 7.6, 8.333, 9.167, 9.8],
            "transform": [[1.0, 0.0, 0.0, 0.001, 0.0, 1.0, 0.0, 0.873, 0.0, 0.0, 1.0, -0.25],
                [1.0, 0.0, 0.0, 0.001, 0.0, 1.0, 0.0, 0.873, 0.0, 0.0, 1.0, -0.25],
                [1.0, 0.0, 0.0, 0.001, 0.0, 0.988, -0.154, 0.873, 0.0, 0.154, 0.988, -0.25],
                [1.0, 0.0, 0.0, 0.001, 0.0, 0.988, -0.154, 0.873, 0.0, 0.154, 0.988, -0.25],
                [1.0, 0.0, 0.0, 0.001, 0.0, 0.998, 0.056, 0.873, 0.0, 0.056, 0.998, -0.25],
                [1.0, 0.0, 0.0, 0.001, 0.0, 0.998, 0.056, 0.873, 0.0, 0.056, 0.998, -0.25]
            ]
        },
        {
            "name": "jaw",
            "time": [0.0, 7.0, 7.6, 8.333, 9.167, 9.8],
            "transform": [[1.0, 0.0, 0.0, 0.001, 0.0, 1.0, 0.0, 0.873, 0.0, 0.0, 1.0, -0.258],
                [1.0, 0.0, 0.0, 0.001, 0.0, 1.0, 0.0, 0.873, 0.0, 0.0, 1.0, -0.258],
                [1.0, 0.0, 0.0, 0.001, 0.0, 0.755, 0.656, 0.873, 0.0, -0.656, 0.755, -0.258],
                [1.0, 0.0, 0.0, 0.001, 0.0, 0.755, 0.656, 0.873, 0.0, -0.656, 0.755, -0.258],
                [1.0, 0.0, 0.0, 0.001, 0.0, 1.0, 0.0, 0.873, 0.0, 0.0, 1.0, -0.258],
                [1.0, 0.0, 0.0, 0.001, 0.0, 1.0, 0.0, 0.873, 0.0, 0.0, 1.0, -0.258]
            ]
        }
    ]
}