{
    "animation": [
        {
            "name": "root",
            "time": [0.0, 0.667, 0.883, 9.0],
            "transform": [[1.0, 0.0, 0.0, 0.0, 0.0, 0.981, -0.196, -1.644, 0.0, 0.196, 0.981, -0.439],
                [1.0, 0.0, 0.0, 0.0, 0.0, 0.986, -0.166, -1.637, 0.0, 0.166, 0.986, -0.448],
                [1.0, 0.0, 0.0, 0.0, 0.0, 0.966, -0.258, -1.646, 0.0, 0.258, 0.966, -0.429],
                [1.0, 0.0, 0.0, 0.0, 0.0, 0.966, -0.258, -1.646, 0.0, 0.258, 0.966, -0.429]
            ]
        },
        {
            "name": "right_hind_leg",
            "time": [0.0, 0.667, 0.883, 9.0],
            "transform": [[1.0, 0.0, 0.0, 1, 0.0, 0.19, 0.982, 0.086, 0.0, -0.982, 0.19, -0.271],
                [1.0, 0.0, 0.0, 1, 0.0, 0.19, 0.982, 0.086, 0.0, -0.982, 0.19, -0.271],
                [0.901, 0.424, 0.096, 1, 0.007, 0.236, 0.972, 0.086, 0.435, -0.874, 0.215, -0.271],
                [0.901, 0.424, 0.096, 1, 0.007, 0.236, 0.972, 0.086, 0.435, -0.874, 0.215, -0.271]
            ]
        },
        {
            "name": "right_hind_leg_tip",
            "time": [0.0, 0.667, 0.883, 9.0],
            "transform": [[1.0, 0.0, 0.0, 0.0, 0.0, 0.453, 0.891, 1.692, 0.0, -0.891, 0.453, 0.0],
                [1.0, 0.0, 0.0, 0.0, 0.0, 0.453, 0.891, 1.692, 0.0, -0.891, 0.453, 0.0],
                [0.985, -0.161, 0.069, 0.0, 0.106, 0.238, 0.965, 1.692, -0.139, -0.958, 0.251, 0.0],
                [0.985, -0.161, 0.069, 0.0, 0.106, 0.238, 0.965, 1.692, -0.139, -0.958, 0.251, 0.0]
            ]
        },
        {
            "name": "right_hind_foot",
            "time": [0.0, 0.667, 0.883, 9.0],
            "transform": [[1.0, 0.0, 0.0, 0.0, 0.0, 0.74, -0.672, 2.16, 0.0, 0.672, 0.74, 0.0],
                [1.0, 0.0, 0.0, 0.0, 0.0, 0.74, -0.672, 2.16, 0.0, 0.672, 0.74, 0.0],
                [0.949, 0.042, -0.312, 0.0, -0.253, 0.688, -0.68, 2.16, 0.186, 0.724, 0.664, 0.0],
                [0.949, 0.042, -0.312, 0.0, -0.253, 0.688, -0.68, 2.16, 0.186, 0.724, 0.664, 0.0]
            ]
        },
        {
            "name": "left_hind_leg",
            "time": [0.0, 0.667, 0.883, 9.0],
            "transform": [[1, 0.0, 0.0, -1, 0.0, 0.19, 0.982, 0.086, 0.0, -0.982, 0.19, -0.271],
                [1, 0.0, 0.0, -1, 0.0, 0.19, 0.982, 0.086, 0.0, -0.982, 0.19, -0.271],
                [0.918, -0.396, 0.029, -1, 0.134, 0.241, 0.961, 0.086, -0.373, -0.886, 0.274, -0.271],
                [0.918, -0.396, 0.029, -1, 0.134, 0.241, 0.961, 0.086, -0.373, -0.886, 0.274, -0.271]
            ]
        },
        {
            "name": "left_hind_leg_tip",
            "time": [0.0, 0.667, 0.883, 9.0],
            "transform": [[1.0, 0.0, 0.0, 0.0, 0.0, 0.453, 0.891, 1.692, 0.0, -0.891, 0.453, 0.0],
                [1.0, 0.0, 0.0, 0.0, 0.0, 0.453, 0.891, 1.692, 0.0, -0.891, 0.453, 0.0],
                [1.0, 0.0, 0.0, 0.0, 0.0, 0.235, 0.972, 1.692, 0.0, -0.972, 0.235, 0.0],
                [1.0, 0.0, 0.0, 0.0, 0.0, 0.235, 0.972, 1.692, 0.0, -0.972, 0.235, 0.0]
            ]
        },
        {
            "name": "left_hind_foot",
            "time": [0.0, 0.667, 0.883, 9.0],
            "transform": [[1.0, 0.0, 0.0, 0.0, 0.0, 0.74, -0.672, 2.16, 0.0, 0.672, 0.74, 0.0],
                [1.0, 0.0, 0.0, 0.0, 0.0, 0.74, -0.672, 2.16, 0.0, 0.672, 0.74, 0.0],
                [0.925, 0.04, 0.377, 0.0, 0.305, 0.67, -0.677, 2.16, -0.226, 0.741, 0.632, 0.0],
                [0.925, 0.04, 0.377, 0.0, 0.305, 0.67, -0.677, 2.16, -0.226, 0.741, 0.632, 0.0]
            ]
        },
        {
            "name": "body",
            "time": [0.0, 0.667, 0.883, 9.0],
            "transform": [[1.0, 0.0, 0.0, 0.0, 0.0, 0.996, 0.095, 0.274, 0.0, 0.095, 0.996, 0.0],
                [1.0, 0.0, 0.0, 0.0, 0.0, 0.996, 0.095, 0.274, 0.0, 0.095, 0.996, 0.0],
                [1.0, 0.0, 0.0, 0.0, 0.0, 0.996, 0.095, 0.274, 0.0, 0.095, 0.996, 0.0],
                [1.0, 0.0, 0.0, 0.0, 0.0, 0.996, 0.095, 0.274, 0.0, 0.095, 0.996, 0.0]
            ]
        },
        {
            "name": "neck_tail_1",
            "time": [0.0, 0.667, 0.883, 9.0],
            "transform": [[-1.0, 0.0, 0.0, 0.0, 0.0, -1.0, 0.036, -0.516, 0.0, 0.036, 1.0, 0.429],
                [-1.0, 0.0, 0.0, 0.0, 0.0, -0.997, 0.075, -0.516, 0.0, 0.075, 0.997, 0.429],
                [-1.0, 0.0, 0.0, 0.0, 0.0, -1.0, 0.053, -0.516, 0.0, 0.053, 1.0, 0.429],
                [-1.0, 0.0, 0.0, 0.0, 0.0, -1.0, 0.053, -0.516, 0.0, 0.053, 1.0, 0.429]
            ]
        },
        {
            "name": "neck_tail_2",
            "time": [0.0, 0.667, 0.883, 9.0],
            "transform": [[1, 0.0, 0.0, 0.0, 0.0, 0.998, 0.064, 0.616, 0.0, 0.064, 0.998, 0.0],
                [1, 0.0, 0.0, 0.0, 0.0, 0.998, 0.064, 0.616, 0.0, 0.064, 0.998, 0.0],
                [1, 0.0, 0.0, 0.0, 0.0, 1, 0.005, 0.616, 0.0, 0.005, 1, 0.0],
                [1, 0.0, 0.0, 0.0, 0.0, 1, 0.005, 0.616, 0.0, 0.005, 1, 0.0]
            ]
        },
        {
            "name": "neck_tail_3",
            "time": [0.0, 0.667, 0.883, 9.0],
            "transform": [[1.0, 0.0, 0.0, 0.0, 0.0, 0.996, 0.091, 0.625, 0.0, 0.091, 0.996, 0.0],
                [1.0, 0.0, 0.0, 0.0, 0.0, 0.996, 0.091, 0.625, 0.0, 0.091, 0.996, 0.0],
                [1.0, 0.0, 0.0, 0.0, 0.0, 0.998, 0.063, 0.625, 0.0, 0.063, 0.998, 0.0],
                [1.0, 0.0, 0.0, 0.0, 0.0, 0.998, 0.063, 0.625, 0.0, 0.063, 0.998, 0.0]
            ]
        },
        {
            "name": "neck_tail_4",
            "time": [0.0, 0.667, 0.883, 9.0],
            "transform": [[1.0, 0.0, 0.0, 0.0, 0.0, 0.993, 0.115, 0.626, 0.0, -0.115, 0.993, 0.0],
                [1.0, 0.0, 0.0, 0.0, 0.0, 0.993, 0.115, 0.626, 0.0, -0.115, 0.993, 0.0],
                [1.0, 0.0, 0.0, 0.0, 0.0, 0.993, -0.117, 0.626, 0.0, 0.117, 0.993, 0.0],
                [1.0, 0.0, 0.0, 0.0, 0.0, 0.993, -0.117, 0.626, 0.0, 0.117, 0.993, 0.0]
            ]
        },
        {
            "name": "neck_tail_5",
            "time": [0.0, 0.667, 0.883, 9.0],
            "transform": [[1.0, 0.0, 0.0, 0.0, 0.0, 0.991, 0.132, 0.625, 0.0, -0.132, 0.991, 0.0],
                [1.0, 0.0, 0.0, 0.0, 0.0, 0.991, 0.132, 0.625, 0.0, -0.132, 0.991, 0.0],
                [1.0, 0.0, 0.0, 0.0, 0.0, 0.987, -0.159, 0.625, 0.0, 0.159, 0.987, 0.0],
                [1.0, 0.0, 0.0, 0.0, 0.0, 0.987, -0.159, 0.625, 0.0, 0.159, 0.987, 0.0]
            ]
        },
        {
            "name": "neck_tail_6",
            "time": [0.0, 0.667, 0.883, 9.0],
            "transform": [[1.0, 0.0, 0.0, 0.0, 0.0, 0.99, 0.141, 0.623, 0.0, -0.141, 0.99, 0.0],
                [1.0, 0.0, 0.0, 0.0, 0.0, 0.99, 0.141, 0.623, 0.0, -0.141, 0.99, 0.0],
                [1.0, 0.0, 0.0, 0.0, 0.0, 0.982, -0.189, 0.623, 0.0, 0.189, 0.982, 0.0],
                [1.0, 0.0, 0.0, 0.0, 0.0, 0.982, -0.189, 0.623, 0.0, 0.189, 0.982, 0.0]
            ]
        },
        {
            "name": "neck_tail_7",
            "time": [0.0, 0.667, 0.883, 9.0],
            "transform": [[1.0, 0.0, 0.0, 0.0, 0.0, 0.99, 0.142, 0.625, 0.0, -0.142, 0.99, 0.0],
                [1.0, 0.0, 0.0, 0.0, 0.0, 0.99, 0.142, 0.625, 0.0, -0.142, 0.99, 0.0],
                [1.0, 0.0, 0.0, 0.0, 0.0, 0.979, -0.203, 0.625, 0.0, 0.203, 0.979, 0.0],
                [1.0, 0.0, 0.0, 0.0, 0.0, 0.979, -0.203, 0.625, 0.0, 0.203, 0.979, 0.0]
            ]
        },
        {
            "name": "neck_tail_8",
            "time": [0.0, 0.667, 0.883, 9.0],
            "transform": [[1.0, 0.0, 0.0, 0.0, 0.0, 0.991, 0.134, 0.625, 0.0, -0.134, 0.991, 0.0],
                [1.0, 0.0, 0.0, 0.0, 0.0, 0.991, 0.134, 0.625, 0.0, -0.134, 0.991, 0.0],
                [1.0, 0.0, 0.0, 0.0, 0.0, 0.98, -0.201, 0.625, 0.0, 0.201, 0.98, 0.0],
                [1.0, 0.0, 0.0, 0.0, 0.0, 0.98, -0.201, 0.625, 0.0, 0.201, 0.98, 0.0]
            ]
        },
        {
            "name": "neck_tail_9",
            "time": [0.0, 0.667, 0.883, 9.0],
            "transform": [[1.0, 0.0, 0.0, 0.0, 0.0, 0.993, 0.119, 0.625, 0.0, -0.119, 0.993, 0.0],
                [1.0, 0.0, 0.0, 0.0, 0.0, 0.993, 0.118, 0.625, 0.0, -0.118, 0.993, 1e-06],
                [1.0, 0.0, 0.0, 0.0, 0.0, 0.983, -0.183, 0.625, 0.0, 0.183, 0.983, 0.0],
                [1.0, 0.0, 0.0, 0.0, 0.0, 0.983, -0.183, 0.625, 0.0, 0.183, 0.983, 0.0]
            ]
        },
        {
            "name": "neck_tail_10",
            "time": [0.0, 0.667, 0.883, 9.0],
            "transform": [[1.0, 0.0, 0.0, 0.0, 0.0, 0.995, 0.096, 0.626, 0.0, 0.096, 0.995, -1e-06],
                [1.0, 0.0, 0.0, 0.0, 0.0, 0.995, 0.096, 0.626, 0.0, 0.096, 0.995, 0.0],
                [1.0, 0.0, 0.0, 0.0, 0.0, 0.989, -0.15, 0.626, 0.0, 0.15, 0.989, 0.0],
                [1.0, 0.0, 0.0, 0.0, 0.0, 0.989, -0.15, 0.626, 0.0, 0.15, 0.989, 0.0]
            ]
        },
        {
            "name": "neck_tail_11",
            "time": [0.0, 0.667, 0.883, 9.0],
            "transform": [[1.0, 0.0, 0.0, 0.0, 0.0, 0.998, 0.067, 0.625, 0.0, 0.067, 0.998, 0.0],
                [1.0, 0.0, 0.0, 0.0, 0.0, 0.998, 0.067, 0.625, 0.0, 0.067, 0.998, 0.0],
                [1.0, 0.0, 0.0, 0.0, 0.0, 0.994, -0.107, 0.625, 0.0, 0.107, 0.994, 1e-06],
                [1.0, 0.0, 0.0, 0.0, 0.0, 0.994, -0.107, 0.625, 0.0, 0.107, 0.994, 1e-06]
            ]
        },
        {
            "name": "neck_tail_12",
            "time": [0.0, 0.667, 0.883, 9.0],
            "transform": [[1.0, 0.0, 0.0, 0.0, 0.0, 1.0, 0.034, 0.625, 0.0, 0.034, 1.0, 0.0],
                [1.0, 0.0, 0.0, 0.0, 0.0, 1.0, 0.034, 0.625, 0.0, 0.034, 1.0, 0.0],
                [1.0, 0.0, 0.0, 0.0, 0.0, 0.998, 0.055, 0.625, 0.0, 0.055, 0.998, 0.0],
                [1.0, 0.0, 0.0, 0.0, 0.0, 0.998, 0.055, 0.625, 0.0, 0.055, 0.998, 0.0]
            ]
        },
        {
            "name": "right_front_leg",
            "time": [0.0, 0.667, 0.883, 9.0],
            "transform": [[0.97, 0.089, -0.228, 0.75, 0.243, -0.253, 0.936, 2.917, 0.025, -0.963, -0.267, -0.176],
                [0.97, 0.089, -0.228, 0.75, 0.243, -0.253, 0.936, 2.917, 0.025, -0.963, -0.267, -0.176],
                [0.564, 0.732, -0.382, 0.75, 0.748, -0.257, 0.611, 2.971, 0.349, -0.63, -0.693, 0.233],
                [0.564, 0.732, -0.382, 0.75, 0.748, -0.257, 0.611, 2.971, 0.349, -0.63, -0.693, 0.233]
            ]
        },
        {
            "name": "right_front_leg_tip",
            "time": [0.0, 0.667, 0.883, 9.0],
            "transform": [[1, 0.007, 0.009, 0.0, 0.011, 0.758, -0.652, 1.253, 0.002, 0.652, 0.758, 0.0],
                [1, 0.007, 0.009, 0.0, 0.011, 0.758, -0.652, 1.253, 0.002, 0.652, 0.758, 0.0],
                [0.636, -0.309, -0.707, 0.0, -0.145, 0.853, -0.502, 1.253, 0.758, 0.422, 0.497, 0.0],
                [0.636, -0.309, -0.707, 0.0, -0.145, 0.853, -0.502, 1.253, 0.758, 0.422, 0.497, 0.0]
            ]
        },
        {
            "name": "right_front_foot",
            "time": [0.0, 0.667, 0.883, 9.0],
            "transform": [[0.884, -0.261, 0.388, 0.0, 0.009, 0.821, 0.571, 1.489, -0.468, -0.508, 0.723, 0.0],
                [0.884, -0.261, 0.388, 0.0, 0.009, 0.821, 0.571, 1.489, -0.468, -0.508, 0.723, 0.0],
                [0.003, 0.805, 0.593, 0.0, 0.258, 0.574, -0.777, 1.489, -0.966, 0.15, -0.21, 0.0],
                [0.003, 0.805, 0.593, 0.0, 0.258, 0.574, -0.777, 1.489, -0.966, 0.15, -0.21, 0.0]
            ]
        },
        {
            "name": "left_front_leg",
            "time": [0.0, 0.667, 0.883, 9.0],
            "transform": [[0.977, 0.078, 0.2, -0.75, -0.214, -0.256, 0.943, 2.917, 0.023, -0.964, -0.267, -0.176],
                [0.977, 0.078, 0.2, -0.75, -0.214, -0.256, 0.943, 2.917, 0.023, -0.964, -0.267, -0.176],
                [0.687, -0.706, 0.173, -0.75, -0.542, -0.34, 0.768, 2.971, -0.484, -0.621, -0.616, 0.233],
                [0.687, -0.706, 0.173, -0.75, -0.542, -0.34, 0.768, 2.971, -0.484, -0.621, -0.616, 0.233]
            ]
        },
        {
            "name": "left_front_leg_tip",
            "time": [0.0, 0.667, 0.883, 9.0],
            "transform": [[1, 0.005, -0, 0.0, 0.004, 0.758, -0.652, 1.253, 0.004, 0.652, 0.758, 0.0],
                [1, 0.005, -0, 0.0, 0.004, 0.758, -0.652, 1.253, 0.004, 0.652, 0.758, 0.0],
                [0.604, 0.318, 0.731, 0.0, 0.174, 0.842, -0.51, 1.253, -0.778, 0.436, 0.453, 0.0],
                [0.604, 0.318, 0.731, 0.0, 0.174, 0.842, -0.51, 1.253, -0.778, 0.436, 0.453, 0.0]
            ]
        },
        {
            "name": "left_front_foot",
            "time": [0.0, 0.667, 0.883, 9.0],
            "transform": [[0.916, 0.221, -0.335, 0.0, 0.013, 0.818, 0.575, 1.489, 0.401, -0.531, 0.746, 0.0],
                [0.916, 0.221, -0.335, 0.0, 0.013, 0.818, 0.575, 1.489, 0.401, -0.531, 0.746, 0.0],
                [0.051, -0.699, -0.714, 0.0, -0.101, 0.707, -0.7, 1.489, 0.994, 0.108, 0.034, 0.0],
                [0.051, -0.699, -0.714, 0.0, -0.101, 0.707, -0.7, 1.489, 0.994, 0.108, 0.034, 0.0]
            ]
        },
        {
            "name": "right_wing",
            "time": [0.0, 0.667, 0.883, 9.0],
            "transform": [[-0.204, 0.569, 0.797, 0.75, -0.881, -0.462, 0.105, 2.861, 0.428, -0.68, 0.595, 0.745],
                [0.048, 0.547, 0.836, 0.75, -0.997, 0.073, 0.009, 2.861, 0.056, -0.834, 0.549, 0.745],
                [0.028, 0.996, 0.082, 0.75, -0.993, 0.018, -0.114, 2.861, -0.112, 0.084, 0.99, 0.745],
                [0.028, 0.996, 0.082, 0.75, -0.993, 0.018, -0.114, 2.861, -0.112, 0.084, 0.99, 0.745]
            ]
        },
        {
            "name": "right_wing_tip",
            "time": [0.0, 0.667, 0.883, 9.0],
            "transform": [[0.817, 0.571, 0.084, 0.0, -0.574, 0.818, 0.023, 3.5, 0.056, 0.067, 0.996, 0.0],
                [0.817, 0.571, 0.084, 0.0, -0.574, 0.818, 0.023, 3.5, 0.056, 0.067, 0.996, 0.0],
                [0.817, 0.571, 0.084, 0.0, -0.574, 0.818, 0.023, 3.5, 0.056, 0.067, 0.996, 0.0],
                [0.817, 0.571, 0.084, 0.0, -0.574, 0.818, 0.023, 3.5, 0.056, 0.067, 0.996, 0.0]
            ]
        },
        {
            "name": "left_wing",
            "time": [0.0, 0.667, 0.883, 9.0],
            "transform": [[-0.204, -0.569, -0.797, -0.751, 0.881, -0.462, 0.105, 2.861, -0.428, -0.68, 0.595, 0.745],
                [0.048, -0.547, -0.836, -0.751, 0.997, 0.073, 0.009, 2.861, 0.056, -0.834, 0.549, 0.745],
                [0.028, -0.996, 0.082, -0.751, 0.993, 0.018, -0.114, 2.861, 0.112, 0.084, 0.99, 0.745],
                [0.028, -0.996, 0.082, -0.751, 0.993, 0.018, -0.114, 2.861, 0.112, 0.084, 0.99, 0.745]
            ]
        },
        {
            "name": "left_wing_tip",
            "time": [0.0, 0.667, 0.883, 9.0],
            "transform": [[0.825, -0.564, 0.009, 0.0, 0.564, 0.825, 0.03, 3.5, 0.009, 0.03, 1.0, 0.0],
                [0.825, -0.564, 0.009, 0.0, 0.564, 0.825, 0.03, 3.5, 0.009, 0.03, 1.0, 0.0],
                [0.825, -0.564, 0.009, 0.0, 0.564, 0.825, 0.03, 3.5, 0.009, 0.03, 1.0, 0.0],
                [0.825, -0.564, 0.009, 0.0, 0.564, 0.825, 0.03, 3.5, 0.009, 0.03, 1.0, 0.0]
            ]
        },
        {
            "name": "neck",
            "time": [0.0, 0.667, 0.883, 9.0],
            "transform": [[1.0, 0.0, 0.0, 0.0, 0.0, 0.99, -0.141, 3.494, 0.0, 0.141, 0.99, 0.0],
                [1.0, 0.0, 0.0, 0.0, 0.0, 0.99, -0.141, 3.494, 0.0, 0.141, 0.99, 4e-06],
                [1.0, 0.0, 0.0, 0.0, 0.0, 0.988, 0.151, 3.494, 0.0, -0.151, 0.988, -1e-06],
                [1.0, 0.0, 0.0, 0.0, 0.0, 0.988, 0.151, 3.494, 0.0, -0.151, 0.988, -1e-06]
            ]
        },
        {
            "name": "neck2",
            "time": [0.0, 0.667, 0.883, 9.0],
            "transform": [[1.0, 0.0, 0.0, 0.0, 0.0, 0.995, 0.098, 0.624, 0.0, 0.098, 0.995, 0.0],
                [1.0, 0.0, 0.0, 0.0, 0.0, 0.995, 0.098, 0.624, 0.0, 0.098, 0.995, 0.0],
                [1.0, 0.0, 0.0, 0.0, 0.0, 0.995, -0.104, 0.624, 0.0, 0.104, 0.995, 0.0],
                [1.0, 0.0, 0.0, 0.0, 0.0, 0.995, -0.104, 0.624, 0.0, 0.104, 0.995, 0.0]
            ]
        },
        {
            "name": "neck3",
            "time": [0.0, 0.667, 0.883, 9.0],
            "transform": [[1.0, 0.0, 0.0, 0.0, 0.0, 0.97, 0.242, 0.627, 0.0, -0.242, 0.97, 0.0],
                [1.0, 0.0, 0.0, 0.0, 0.0, 0.97, 0.242, 0.627, 0.0, -0.242, 0.97, 0.0],
                [1.0, 0.0, 0.0, 0.0, 0.0, 0.966, -0.259, 0.627, 0.0, 0.259, 0.966, 0.0],
                [1.0, 0.0, 0.0, 0.0, 0.0, 0.966, -0.259, 0.627, 0.0, 0.259, 0.966, 0.0]
            ]
        },
        {
            "name": "neck4",
            "time": [0.0, 0.667, 0.883, 9.0],
            "transform": [[1.0, 0.0, 0.0, 0.0, 0.0, 0.966, 0.26, 0.624, 0.0, -0.26, 0.966, 0.0],
                [1.0, 0.0, 0.0, 0.0, 0.0, 0.966, 0.26, 0.624, 0.0, -0.26, 0.966, 0.0],
                [1.0, 0.0, 0.0, 0.0, 0.0, 0.96, -0.278, 0.624, 0.0, 0.278, 0.96, 0.0],
                [1.0, 0.0, 0.0, 0.0, 0.0, 0.96, -0.278, 0.624, 0.0, 0.278, 0.96, 0.0]
            ]
        },
        {
            "name": "neck5",
            "time": [0.0, 0.667, 0.883, 9.0],
            "transform": [[1.0, 0.0, 0.0, 0.0, 0.0, 0.986, 0.165, 0.624, 0.0, -0.165, 0.986, 0.0],
                [1.0, 0.0, 0.0, 0.0, 0.0, 0.986, 0.165, 0.624, 0.0, -0.165, 0.986, 0.0],
                [1.0, 0.0, 0.0, 0.0, 0.0, 0.984, -0.177, 0.624, 0.0, 0.177, 0.984, 0.0],
                [1.0, 0.0, 0.0, 0.0, 0.0, 0.984, -0.177, 0.624, 0.0, 0.177, 0.984, 0.0]
            ]
        },
        {
            "name": "head",
            "time": [0.0, 0.667, 0.883, 9.0],
            "transform": [[1.0, 0.0, 0.0, 0.0, 0.0, 0.332, 0.943, 0.629, 0.0, -0.943, 0.332, 0.0],
                [1.0, 0.0, 0.0, 0.0, 0.0, 0.332, 0.943, 0.629, 0.0, -0.943, 0.332, 0.0],
                [1.0, 0.0, 0.0, 0.0, 0.0, 0.598, -0.802, 0.629, 0.0, 0.802, 0.598, 0.0],
                [1.0, 0.0, 0.0, 0.0, 0.0, 0.598, -0.802, 0.629, 0.0, 0.802, 0.598, 0.0]
            ]
        },
        {
            "name": "upperJaw",
            "time": [0.0, 0.667, 0.883, 9.0],
            "transform": [[1.0, 0.0, 0.0, 0.001, 0.0, 0.998, 0.056, 0.873, 0.0, 0.056, 0.998, -0.25],
                [1.0, 0.0, 0.0, 0.001, 0.0, 0.998, 0.056, 0.873, 0.0, 0.056, 0.998, -0.25],
                [1.0, 0.0, 0.0, 0.001, 0.0, 0.983, -0.183, 0.873, 0.0, 0.183, 0.983, -0.25],
                [1.0, 0.0, 0.0, 0.001, 0.0, 0.983, -0.183, 0.873, 0.0, 0.183, 0.983, -0.25]
            ]
        },
        {
            "name": "jaw",
            "time": [0.0, 0.667, 0.883, 9.0],
            "transform": [[1.0, 0.0, 0.0, 0.001, 0.0, 1.0, 0.0, 0.873, 0.0, 0.0, 1.0, -0.258],
                [1.0, 0.0, 0.0, 0.001, 0.0, 1.0, 0.0, 0.873, 0.0, 0.0, 1.0, -0.258],
                [1.0, 0.0, 0.0, 0.001, 0.0, 0.288, 0.958, 0.873, 0.0, -0.958, 0.288, -0.258],
                [1.0, 0.0, 0.0, 0.001, 0.0, 0.288, 0.958, 0.873, 0.0, -0.958, 0.288, -0.258]
            ]
        }
    ]
}