{
    "animation": [
        {
            "name": "root",
            "time": [0.0, 0.167, 0.333, 0.667, 1.333],
            "transform": [[1.0, 0.0, 0.0, 0.0, 0.0, 1.0, 0.052, -1.311, 0.0, 0.052, 1.0, 2.196],
                [1.0, 0.0, 0.0, 0.0, 0.0, 0.964, -0.267, -1.375, 0.0, 0.267, 0.964, 1.885],
                [1.0, 0.0, 0.0, 0.0, 0.0, 0.949, -0.315, -1.389, 0.0, 0.315, 0.949, 1.813],
                [1.0, 0.0, 0.0, 0.0, 0.0, 0.975, 0.224, -0.61, 0.0, -0.224, 0.975, 2.371],
                [1.0, 0.0, 0.0, 0.0, 0.0, 0.996, 0.094, -0.915, 0.0, 0.094, 0.996, 2.371]
            ]
        },
        {
            "name": "right_hind_leg",
            "time": [0.0, 0.167, 0.333, 0.667, 1.333],
            "transform": [[1, 0.0, 0.0, 1, 0.0, 0.877, 0.481, 0.086, 0.0, -0.481, 0.877, -0.271],
                [1, 0.0, 0.0, 1, 0.0, 0.817, 0.577, 0.086, 0.0, -0.577, 0.817, -0.271],
                [1, 0.0, 0.0, 1, 0.0, 0.802, 0.597, 0.086, 0.0, -0.597, 0.802, -0.271],
                [1, 0.0, 0.0, 1, 0.0, 0.792, 0.61, 0.086, 0.0, -0.61, 0.792, -0.271],
                [1, 0.0, 0.0, 1, 0.0, 0.81, 0.586, 0.086, 0.0, -0.586, 0.81, -0.271]
            ]
        },
        {
            "name": "right_hind_leg_tip",
            "time": [0.0, 0.167, 0.333, 0.667, 1.333],
            "transform": [[1.0, 0.0, 0.0, 0.0, 0.0, -0.577, 0.817, 1.692, 0.0, -0.817, -0.577, 0.0],
                [1.0, 0.0, 0.0, 0.0, 0.0, -0.705, 0.709, 1.692, 0.0, -0.709, -0.705, 0.0],
                [1.0, 0.0, 0.0, 0.0, 0.0, -0.731, 0.683, 1.692, 0.0, -0.683, -0.731, 0.0],
                [1.0, 0.0, 0.0, 0.0, 0.0, -0.381, 0.925, 1.692, 0.0, -0.925, -0.381, 0.0],
                [1.0, 0.0, 0.0, 0.0, 0.0, -0.441, 0.898, 1.692, 0.0, -0.898, -0.441, 0.0]
            ]
        },
        {
            "name": "right_hind_foot",
            "time": [0.0, 0.167, 0.333, 0.667, 1.333],
            "transform": [[1.0, 0.0, 0.0, 0.0, 0.0, -0.878, -0.478, 2.16, 0.0, 0.478, -0.878, 0.0],
                [1.0, 0.0, 0.0, 0.0, 0.0, -0.905, -0.426, 2.16, 0.0, 0.426, -0.905, 0.0],
                [1.0, 0.0, 0.0, 0.0, 0.0, -0.91, -0.414, 2.16, 0.0, 0.414, -0.91, 0.0],
                [1.0, 0.0, 0.0, 0.0, 0.0, -0.957, -0.289, 2.16, 0.0, 0.289, -0.957, 0.0],
                [1.0, 0.0, 0.0, 0.0, 0.0, -0.925, -0.381, 2.16, 0.0, 0.381, -0.925, 0.0]
            ]
        },
        {
            "name": "left_hind_leg",
            "time": [0.0, 0.167, 0.333, 0.667, 1.333],
            "transform": [[1, 0.0, 0.0, -1, 0.0, 0.877, 0.481, 0.086, 0.0, -0.481, 0.877, -0.271],
                [1, 0.0, 0.0, -1, 0.0, 0.817, 0.577, 0.086, 0.0, -0.577, 0.817, -0.271],
                [1, 0.0, 0.0, -1, 0.0, 0.802, 0.597, 0.086, 0.0, -0.597, 0.802, -0.271],
                [1, 0.0, 0.0, -1, 0.0, 0.792, 0.61, 0.086, 0.0, -0.61, 0.792, -0.271],
                [1, 0.0, 0.0, -1, 0.0, 0.81, 0.586, 0.086, 0.0, -0.586, 0.81, -0.271]
            ]
        },
        {
            "name": "left_hind_leg_tip",
            "time": [0.0, 0.167, 0.333, 0.667, 1.333],
            "transform": [[1.0, 0.0, 0.0, 0.0, 0.0, -0.577, 0.817, 1.692, 0.0, -0.817, -0.577, 0.0],
                [1.0, 0.0, 0.0, 0.0, 0.0, -0.705, 0.709, 1.692, 0.0, -0.709, -0.705, 0.0],
                [1.0, 0.0, 0.0, 0.0, 0.0, -0.731, 0.683, 1.692, 0.0, -0.683, -0.731, 0.0],
                [1.0, 0.0, 0.0, 0.0, 0.0, -0.381, 0.925, 1.692, 0.0, -0.925, -0.381, 0.0],
                [1.0, 0.0, 0.0, 0.0, 0.0, -0.441, 0.898, 1.692, 0.0, -0.898, -0.441, 0.0]
            ]
        },
        {
            "name": "left_hind_foot",
            "time": [0.0, 0.167, 0.333, 0.667, 1.333],
            "transform": [[1.0, 0.0, 0.0, 0.0, 0.0, -0.878, -0.478, 2.16, 0.0, 0.478, -0.878, 0.0],
                [1.0, 0.0, 0.0, 0.0, 0.0, -0.905, -0.426, 2.16, 0.0, 0.426, -0.905, 0.0],
                [1.0, 0.0, 0.0, 0.0, 0.0, -0.91, -0.414, 2.16, 0.0, 0.414, -0.91, 0.0],
                [1.0, 0.0, 0.0, 0.0, 0.0, -0.957, -0.289, 2.16, 0.0, 0.289, -0.957, 0.0],
                [1.0, 0.0, 0.0, 0.0, 0.0, -0.925, -0.381, 2.16, 0.0, 0.381, -0.925, 0.0]
            ]
        },
        {
            "name": "body",
            "time": [0.0, 1.333],
            "transform": [[1.0, 0.0, 0.0, 0.0, 0.0, 1, 0.017, 0.274, 0.0, 0.017, 1, 0.0],
                [1.0, 0.0, 0.0, 0.0, 0.0, 1, 0.017, 0.274, 0.0, 0.017, 1, 0.0]
            ]
        },
        {
            "name": "neck_tail_1",
            "time": [0.0, 0.167, 0.333, 0.667, 1.333],
            "transform": [[-1.0, 0.0, 0.0, 0.0, 0.0, -1.0, 0.001, -0.516, 0.0, 0.001, 1, 0.429],
                [-1.0, 0.0, 0.0, 0.0, 0.0, -0.995, 0.099, -0.516, 0.0, 0.099, 0.995, 0.429],
                [-1.0, 0.0, 0.0, 0.0, 0.0, -0.996, 0.084, -0.516, 0.0, 0.084, 0.996, 0.429],
                [-1.0, 0.0, 0.0, 0.0, 0.0, -0.915, -0.404, -0.516, 0.0, -0.404, 0.915, 0.429],
                [-1.0, 0.0, 0.0, 0.0, 0.0, -0.932, -0.362, -0.516, 0.0, -0.362, 0.932, 0.429]
            ]
        },
        {
            "name": "neck_tail_2",
            "time": [0.0, 0.167, 0.333, 0.667, 1.333],
            "transform": [[1, 0.0, 0.0, 0.0, 0.0, 1, 0.022, 0.616, 0.0, 0.022, 1, 0.0],
                [1, 0.0, 0.0, 0.0, 0.0, 0.997, 0.076, 0.616, 0.0, 0.076, 0.997, 0.0],
                [1, 0.0, 0.0, 0.0, 0.0, 1.0, 0.038, 0.616, 0.0, 0.038, 1.0, 0.0],
                [1, 0.0, 0.0, 0.0, 0.0, 0.966, 0.259, 0.616, 0.0, -0.259, 0.966, 0.0],
                [1, 0.0, 0.0, 0.0, 0.0, 0.976, 0.216, 0.616, 0.0, -0.216, 0.976, 0.0]
            ]
        },
        {
            "name": "neck_tail_3",
            "time": [0.0, 0.167, 0.333, 0.667, 1.333],
            "transform": [[1.0, 0.0, 0.0, 0.0, 0.0, 1.0, 0.045, 0.625, 0.0, 0.045, 1.0, 0.0],
                [1.0, 0.0, 0.0, 0.0, 0.0, 0.998, 0.058, 0.625, 0.0, 0.058, 0.998, 0.0],
                [1.0, 0.0, 0.0, 0.0, 0.0, 1, 0.003, 0.625, 0.0, 0.003, 1, 0.0],
                [1.0, 0.0, 0.0, 0.0, 0.0, 0.99, 0.141, 0.625, 0.0, -0.141, 0.99, 0.0],
                [1.0, 0.0, 0.0, 0.0, 0.0, 0.995, 0.104, 0.625, 0.0, -0.104, 0.995, 0.0]
            ]
        },
        {
            "name": "neck_tail_4",
            "time": [0.0, 0.167, 0.333, 0.667, 1.333],
            "transform": [[1.0, 0.0, 0.0, 0.0, 0.0, 0.998, 0.069, 0.626, 0.0, 0.069, 0.998, 0.0],
                [1.0, 0.0, 0.0, 0.0, 0.0, 1.0, 0.044, 0.626, 0.0, 0.044, 1.0, 0.0],
                [1.0, 0.0, 0.0, 0.0, 0.0, 1.0, 0.036, 0.626, 0.0, 0.036, 1.0, 0.0],
                [1.0, 0.0, 0.0, 0.0, 0.0, 1.0, 0.049, 0.626, 0.0, 0.049, 1.0, 0.0],
                [1.0, 0.0, 0.0, 0.0, 0.0, 1, 0.022, 0.626, 0.0, 0.022, 1, 0.0]
            ]
        },
        {
            "name": "neck_tail_5",
            "time": [0.0, 0.167, 0.333, 0.667, 1.333],
            "transform": [[1.0, 0.0, 0.0, 0.0, 0.0, 0.997, 0.082, 0.625, 0.0, 0.082, 0.997, 0.0],
                [1.0, 0.0, 0.0, 0.0, 0.0, 1.0, 0.032, 0.625, 0.0, 0.032, 1.0, 0.0],
                [1.0, 0.0, 0.0, 0.0, 0.0, 0.998, 0.06, 0.625, 0.0, 0.06, 0.998, 0.0],
                [1.0, 0.0, 0.0, 0.0, 0.0, 1, 0.022, 0.625, 0.0, 0.022, 1, 0.0],
                [1.0, 0.0, 0.0, 0.0, 0.0, 1.0, 0.038, 0.625, 0.0, 0.038, 1.0, 0.0]
            ]
        },
        {
            "name": "neck_tail_6",
            "time": [0.0, 0.167, 0.333, 0.667, 1.333],
            "transform": [[1.0, 0.0, 0.0, 0.0, 0.0, 0.996, 0.092, 0.623, 0.0, 0.092, 0.996, 0.0],
                [1.0, 0.0, 0.0, 0.0, 0.0, 1, 0.024, 0.623, 0.0, 0.024, 1, 0.0],
                [1.0, 0.0, 0.0, 0.0, 0.0, 0.997, 0.076, 0.623, 0.0, 0.076, 0.997, 0.0],
                [1.0, 0.0, 0.0, 0.0, 0.0, 0.997, 0.074, 0.623, 0.0, 0.074, 0.997, 0.0],
                [1.0, 0.0, 0.0, 0.0, 0.0, 0.997, 0.079, 0.623, 0.0, 0.079, 0.997, 0.0]
            ]
        },
        {
            "name": "neck_tail_7",
            "time": [0.0, 0.167, 0.333, 0.667, 1.333],
            "transform": [[1.0, 0.0, 0.0, 0.0, 0.0, 0.995, 0.097, 0.625, 0.0, 0.097, 0.995, 0.0],
                [1.0, 0.0, 0.0, 0.0, 0.0, 1, 0.018, 0.625, 0.0, 0.018, 1, 0.0],
                [1.0, 0.0, 0.0, 0.0, 0.0, 0.996, 0.084, 0.625, 0.0, 0.084, 0.996, 0.0],
                [1.0, 0.0, 0.0, 0.0, 0.0, 0.994, -0.107, 0.625, 0.0, 0.107, 0.994, 0.0],
                [1.0, 0.0, 0.0, 0.0, 0.0, 0.994, -0.105, 0.625, 0.0, 0.105, 0.994, 0.0]
            ]
        },
        {
            "name": "neck_tail_8",
            "time": [0.0, 0.167, 0.333, 0.667, 1.333],
            "transform": [[1.0, 0.0, 0.0, 0.0, 0.0, 0.996, 0.094, 0.625, 0.0, 0.094, 0.996, 0.0],
                [1.0, 0.0, 0.0, 0.0, 0.0, 1, 0.012, 0.625, 0.0, 0.012, 1, 0.0],
                [1.0, 0.0, 0.0, 0.0, 0.0, 0.996, 0.084, 0.625, 0.0, 0.084, 0.996, 0.0],
                [1.0, 0.0, 0.0, 0.0, 0.0, 0.992, -0.124, 0.625, 0.0, 0.124, 0.992, 0.0],
                [1.0, 0.0, 0.0, 0.0, 0.0, 0.993, -0.115, 0.625, 0.0, 0.115, 0.993, 0.0]
            ]
        },
        {
            "name": "neck_tail_9",
            "time": [0.0, 0.167, 0.333, 0.667, 1.333],
            "transform": [[1.0, 0.0, 0.0, 0.0, 0.0, 0.996, 0.084, 0.625, 0.0, 0.084, 0.996, 0.0],
                [1.0, 0.0, 0.0, 0.0, 0.0, 1, 0.008, 0.625, 0.0, 0.008, 1, 0.0],
                [1.0, 0.0, 0.0, 0.0, 0.0, 0.997, 0.077, 0.625, 0.0, 0.077, 0.997, 0.0],
                [1.0, 0.0, 0.0, 0.0, 0.0, 0.992, -0.123, 0.625, 0.0, 0.123, 0.992, 0.0],
                [1.0, 0.0, 0.0, 0.0, 0.0, 0.994, -0.112, 0.625, 0.0, 0.112, 0.994, 0.0]
            ]
        },
        {
            "name": "neck_tail_10",
            "time": [0.0, 0.167, 0.333, 0.667, 1.333],
            "transform": [[1.0, 0.0, 0.0, 0.0, 0.0, 0.998, 0.069, 0.626, 0.0, 0.069, 0.998, 0.0],
                [1.0, 0.0, 0.0, 0.0, 0.0, 1, 0.005, 0.626, 0.0, 0.005, 1, 0.0],
                [1.0, 0.0, 0.0, 0.0, 0.0, 0.998, 0.063, 0.626, 0.0, 0.063, 0.998, 0.0],
                [1.0, 0.0, 0.0, 0.0, 0.0, 0.994, -0.107, 0.626, 0.0, 0.107, 0.994, 0.0],
                [1.0, 0.0, 0.0, 0.0, 0.0, 0.995, 0.096, 0.626, 0.0, 0.096, 0.995, 0.0]
            ]
        },
        {
            "name": "neck_tail_11",
            "time": [0.0, 0.167, 0.333, 0.667, 1.333],
            "transform": [[1.0, 0.0, 0.0, 0.0, 0.0, 1.0, 0.049, 0.625, 0.0, 0.049, 1.0, 0.0],
                [1.0, 0.0, 0.0, 0.0, 0.0, 1, 0.003, 0.625, 0.0, 0.003, 1, 0.0],
                [1.0, 0.0, 0.0, 0.0, 0.0, 1.0, 0.045, 0.625, 0.0, 0.045, 1.0, 0.0],
                [1.0, 0.0, 0.0, 0.0, 0.0, 0.997, 0.079, 0.625, 0.0, 0.079, 0.997, 0.0],
                [1.0, 0.0, 0.0, 0.0, 0.0, 0.998, 0.07, 0.625, 0.0, 0.07, 0.998, 0.0]
            ]
        },
        {
            "name": "neck_tail_12",
            "time": [0.0, 0.167, 0.333, 0.667, 1.333],
            "transform": [[1.0, 0.0, 0.0, 0.0, 0.0, 1, 0.025, 0.625, 0.0, 0.025, 1, 0.0],
                [1.0, 0.0, 0.0, 0.0, 0.0, 1, 0.001, 0.625, 0.0, 0.001, 1, 0.0],
                [1.0, 0.0, 0.0, 0.0, 0.0, 1, 0.023, 0.625, 0.0, 0.023, 1, 0.0],
                [1.0, 0.0, 0.0, 0.0, 0.0, 1.0, 0.041, 0.625, 0.0, 0.041, 1.0, 0.0],
                [1.0, 0.0, 0.0, 0.0, 0.0, 1.0, 0.036, 0.625, 0.0, 0.036, 1.0, 0.0]
            ]
        },
        {
            "name": "right_front_leg",
            "time": [0.0, 0.167, 0.333, 0.667, 1.333],
            "transform": [[0.695, 0.515, -0.501, 0.75, 0.691, -0.289, 0.662, 2.943, 0.196, -0.807, -0.557, 0.056],
                [0.732, 0.228, -0.642, 0.75, 0.681, -0.24, 0.692, 2.943, 0.004, -0.944, -0.331, 0.056],
                [0.734, 0.001, -0.679, 0.75, 0.673, -0.135, 0.727, 2.943, 0.091, -0.991, 0.099, 0.056],
                [0.785, 0.558, -0.271, 0.75, 0.62, -0.692, 0.37, 2.943, 0.019, -0.459, -0.888, 0.056],
                [0.786, 0.476, -0.394, 0.75, 0.617, -0.576, 0.536, 2.943, 0.028, -0.665, -0.747, 0.056]
            ]
        },
        {
            "name": "right_front_leg_tip",
            "time": [0.0, 0.167, 0.333, 0.667, 1.333],
            "transform": [[0.846, -0.22, 0.487, 0.0, 0.534, 0.343, -0.773, 1.253, 0.003, 0.913, 0.408, 0.0],
                [0.929, -0.129, 0.348, 0.0, 0.271, 0.877, -0.397, 1.253, -0.254, 0.463, 0.849, 0.0],
                [0.96, 0, 0.281, 0.0, 0.001, 1, 0.001, 1.253, -0.281, 0.001, 0.96, 0.0],
                [0.989, 0.012, 0.148, 0.0, 0.133, -0.374, -0.918, 1.253, 0.067, 0.927, -0.368, 0.0],
                [0.989, 0.003, 0.146, 0.0, 0.146, 0.01, -0.989, 1.253, 0.004, 1, 0.009, 0.0]
            ]
        },
        {
            "name": "right_front_foot",
            "time": [0.0, 0.167, 0.333, 0.667, 1.333],
            "transform": [[0.873, 0.425, -0.239, 0.0, -0.424, 0.422, -0.801, 1.489, -0.24, 0.801, 0.549, 0.0],
                [0.904, 0.424, 0.051, 0.0, -0.194, 0.301, -0.934, 1.489, -0.381, 0.854, 0.354, 0.0],
                [0.906, 0.413, 0.089, 0.0, 0.004, 0.202, -0.979, 1.489, -0.423, 0.888, 0.182, 0.0],
                [0.84, 0.5, -0.212, 0.0, -0.462, 0.453, -0.762, 1.489, -0.285, 0.738, 0.612, 0.0],
                [0.846, 0.521, -0.111, 0.0, -0.399, 0.482, -0.78, 1.489, -0.353, 0.705, 0.616, 0.0]
            ]
        },
        {
            "name": "left_front_leg",
            "time": [0.0, 0.167, 0.333, 0.667, 1.333],
            "transform": [[0.676, -0.515, 0.527, -0.75, -0.716, -0.288, 0.636, 2.943, -0.176, -0.807, -0.564, 0.056],
                [0.707, -0.228, 0.669, -0.75, -0.707, -0.239, 0.666, 2.943, 0.008, -0.944, -0.331, 0.056],
                [0.708, 0.001, 0.707, -0.75, -0.7, -0.135, 0.701, 2.943, 0.095, -0.991, 0.096, 0.056],
                [0.774, -0.558, 0.3, -0.75, -0.633, -0.692, 0.347, 2.943, 0.014, -0.459, -0.888, 0.056],
                [0.771, -0.476, 0.423, -0.75, -0.637, -0.576, 0.513, 2.943, 0, -0.665, -0.747, 0.056]
            ]
        },
        {
            "name": "left_front_leg_tip",
            "time": [0.0, 0.167, 0.333, 0.667, 1.333],
            "transform": [[0.861, 0.186, -0.473, 0.0, -0.508, 0.343, -0.79, 1.253, 0.015, 0.921, 0.39, 0.0],
                [0.93, 0.113, -0.349, 0.0, -0.258, 0.877, -0.406, 1.253, 0.26, 0.467, 0.845, 0.0],
                [0.959, 0, -0.284, 0.0, 0.001, 1, 0.001, 1.253, 0.284, 0.001, 0.959, 0.0],
                [0.995, 0.022, -0.1, 0.0, -0.102, -0.374, -0.922, 1.253, 0.017, 0.927, -0.374, 0.0],
                [0.993, 0.035, -0.111, 0.0, -0.112, 0.01, -0.994, 1.253, 0.033, 1.0, 0.014, 0.0]
            ]
        },
        {
            "name": "left_front_foot",
            "time": [0.0, 0.167, 0.333, 0.667, 1.333],
            "transform": [[0.863, -0.457, 0.215, 0.0, 0.422, 0.419, -0.804, 1.489, 0.277, 0.785, 0.554, 0.0],
                [0.891, -0.453, 0.042, 0.0, 0.197, 0.3, -0.933, 1.489, 0.41, 0.839, 0.357, 0.0],
                [0.891, -0.443, 0.098, 0.0, 0.007, 0.202, -0.979, 1.489, 0.454, 0.873, 0.177, 0.0],
                [0.829, -0.526, 0.192, 0.0, 0.463, 0.452, -0.762, 1.489, 0.314, 0.72, 0.618, 0.0],
                [0.83, -0.55, 0.092, 0.0, 0.404, 0.479, -0.779, 1.489, 0.385, 0.684, 0.62, 0.0]
            ]
        },
        {
            "name": "right_wing",
            "time": [0.0, 0.167, 0.333, 0.667, 1.333],
            "transform": [[-0.115, 0.89, 0.44, 0.75, -0.972, -0.192, 0.133, 2.861, 0.203, -0.413, 0.888, 0.745],
                [0.098, 0.923, 0.373, 0.75, -0.984, -0.146, 0.103, 2.861, 0.149, -0.357, 0.922, 0.745],
                [0.06, 0.964, 0.26, 0.75, -0.996, 0.075, 0.045, 2.861, 0.063, -0.257, 0.964, 0.745],
                [-0.34, 0.79, 0.511, 0.75, -0.915, -0.403, 0.014, 2.861, 0.217, -0.462, 0.86, 0.745],
                [-0.364, 0.765, 0.532, 0.75, -0.902, -0.433, 0.006, 2.861, 0.235, -0.478, 0.847, 0.745]
            ]
        },
        {
            "name": "right_wing_tip",
            "time": [0.0, 1.333],
            "transform": [[0.885, 0.465, 0.015, 0.0, -0.465, 0.883, 0.062, 3.5, 0.015, 0.062, 0.998, 0.0],
                [0.885, 0.465, 0.015, 0.0, -0.465, 0.883, 0.062, 3.5, 0.015, 0.062, 0.998, 0.0]
            ]
        },
        {
            "name": "left_wing",
            "time": [0.0, 0.167, 0.333, 0.667, 1.333],
            "transform": [[-0.115, -0.89, -0.44, -0.751, 0.972, -0.192, 0.133, 2.861, -0.203, -0.413, 0.888, 0.745],
                [0.098, -0.923, -0.373, -0.751, 0.984, -0.146, 0.103, 2.861, -0.149, -0.357, 0.922, 0.745],
                [0.06, -0.964, -0.26, -0.751, 0.996, 0.075, 0.045, 2.861, 0.063, -0.257, 0.964, 0.745],
                [-0.34, -0.79, -0.511, -0.751, 0.915, -0.403, 0.014, 2.861, -0.217, -0.462, 0.86, 0.745],
                [-0.364, -0.765, -0.532, -0.751, 0.902, -0.433, 0.006, 2.861, -0.235, -0.478, 0.847, 0.745]
            ]
        },
        {
            "name": "left_wing_tip",
            "time": [0.0, 0.167, 0.333, 0.667, 1.333],
            "transform": [[0.885, -0.465, 0.015, 0.0, 0.465, 0.883, 0.062, 3.5, 0.015, 0.062, 0.998, 0.0],
                [0.885, -0.465, 0.015, 0.0, 0.465, 0.883, 0.062, 3.5, 0.015, 0.062, 0.998, 0.0],
                [0.885, -0.465, 0.015, 0.0, 0.465, 0.883, 0.062, 3.5, 0.015, 0.062, 0.998, 0.0],
                [0.885, -0.465, 0.015, 0.0, 0.465, 0.883, 0.062, 3.5, 0.015, 0.062, 0.998, 0.0],
                [0.885, -0.465, 0.015, 0.0, 0.465, 0.883, 0.062, 3.5, 0.015, 0.062, 0.998, 0.0]
            ]
        },
        {
            "name": "neck",
            "time": [0.0, 0.167, 0.333, 0.667, 1.333],
            "transform": [[1.0, 0.0, 0.0, 0.0, 0.0, 0.956, 0.293, 3.494, 0.0, -0.293, 0.956, 0.0],
                [1.0, 0.0, 0.0, 0.0, 0.0, 0.974, 0.226, 3.494, 0.0, -0.226, 0.974, 0.0],
                [1.0, 0.0, 0.0, 0.0, 0.0, 0.981, 0.193, 3.494, 0.0, -0.193, 0.981, 0.0],
                [1.0, 0.0, 0.0, 0.0, 0.0, 0.983, -0.184, 3.494, 0.0, 0.184, 0.983, 0.0],
                [1.0, 0.0, 0.0, 0.0, 0.0, 0.851, -0.525, 3.494, 0.0, 0.525, 0.851, 0.0]
            ]
        },
        {
            "name": "neck2",
            "time": [0.0, 0.167, 0.333, 0.667, 1.333],
            "transform": [[1.0, 0.0, 0.0, 0.0, 0.0, 0.994, -0.109, 0.624, 0.0, 0.109, 0.994, 0.0],
                [1.0, 0.0, 0.0, 0.0, 0.0, 0.979, -0.204, 0.624, 0.0, 0.204, 0.979, 0.0],
                [1.0, 0.0, 0.0, 0.0, 0.0, 0.981, -0.195, 0.624, 0.0, 0.195, 0.981, 0.0],
                [1.0, 0.0, 0.0, 0.0, 0.0, 0.992, -0.128, 0.624, 0.0, 0.128, 0.992, 0.0],
                [1.0, 0.0, 0.0, 0.0, 0.0, 0.998, 0.07, 0.624, 0.0, 0.07, 0.998, 0.0]
            ]
        },
        {
            "name": "neck3",
            "time": [0.0, 0.167, 0.333, 0.667, 1.333],
            "transform": [[1.0, 0.0, 0.0, 0.0, 0.0, 0.925, -0.379, 0.627, 0.0, 0.379, 0.925, 0.0],
                [1.0, 0.0, 0.0, 0.0, 0.0, 0.891, -0.454, 0.627, 0.0, 0.454, 0.891, 0.0],
                [1.0, 0.0, 0.0, 0.0, 0.0, 0.888, -0.461, 0.627, 0.0, 0.461, 0.888, 0.0],
                [1.0, 0.0, 0.0, 0.0, 0.0, 0.997, 0.083, 0.627, 0.0, 0.083, 0.997, 0.0],
                [1.0, 0.0, 0.0, 0.0, 0.0, 0.988, 0.153, 0.627, 0.0, -0.153, 0.988, 0.0]
            ]
        },
        {
            "name": "neck4",
            "time": [0.0, 0.167, 0.333, 0.667, 1.333],
            "transform": [[1.0, 0.0, 0.0, 0.0, 0.0, 0.895, -0.445, 0.624, 0.0, 0.445, 0.895, 0.0],
                [1.0, 0.0, 0.0, 0.0, 0.0, 0.868, -0.497, 0.624, 0.0, 0.497, 0.868, 0.0],
                [1.0, 0.0, 0.0, 0.0, 0.0, 0.862, -0.507, 0.624, 0.0, 0.507, 0.862, 0.0],
                [1.0, 0.0, 0.0, 0.0, 0.0, 1.0, 0.049, 0.624, 0.0, 0.049, 1.0, 0.0],
                [1.0, 0.0, 0.0, 0.0, 0.0, 0.987, 0.159, 0.624, 0.0, -0.159, 0.987, 0.0]
            ]
        },
        {
            "name": "neck5",
            "time": [0.0, 0.167, 0.333, 0.667, 1.333],
            "transform": [[1.0, 0.0, 0.0, 0.0, 0.0, 0.951, -0.309, 0.624, 0.0, 0.309, 0.951, 0.0],
                [1.0, 0.0, 0.0, 0.0, 0.0, 0.942, -0.335, 0.624, 0.0, 0.335, 0.942, 0.0],
                [1.0, 0.0, 0.0, 0.0, 0.0, 0.942, -0.334, 0.624, 0.0, 0.334, 0.942, 0.0],
                [1.0, 0.0, 0.0, 0.0, 0.0, 1, 0.022, 0.624, 0.0, 0.022, 1, 0.0],
                [1.0, 0.0, 0.0, 0.0, 0.0, 0.995, 0.099, 0.624, 0.0, 0.099, 0.995, 0.0]
            ]
        },
        {
            "name": "head",
            "time": [0.0, 0.167, 0.333, 0.5, 0.667, 1.333],
            "transform": [[1.0, 0.0, 0.0, 0.0, 0.0, -0.187, 0.982, 0.629, 0.0, -0.982, -0.187, 0.0],
                [1.0, 0.0, 0.0, 0.0, 0.0, -0.277, 0.961, 0.629, 0.0, -0.961, -0.277, 0.0],
                [1.0, 0.0, 0.0, 0.0, 0.0, -0.123, 0.992, 0.629, 0.0, -0.992, -0.123, 0.0],
                [1.0, 0.0, 0.0, 0.0, 0.0, 0.955, 0.296, 0.629, 0.0, -0.296, 0.955, 0.0],
                [1.0, 0.0, 0.0, 0.0, 0.0, 0.978, 0.21, 0.629, 0.0, -0.21, 0.978, 0.0],
                [1.0, 0.0, 0.0, 0.0, 0.0, 0.996, 0.086, 0.629, 0.0, 0.086, 0.996, 0.0]
            ]
        },
        {
            "name": "upperJaw",
            "time": [0.0, 0.167, 0.333, 0.667, 1.333],
            "transform": [[1.0, 0.0, 0.0, 0.001, 0.0, 0.998, 0.056, 0.873, 0.0, 0.056, 0.998, -0.25],
                [1.0, 0.0, 0.0, 0.001, 0.0, 0.998, 0.056, 0.873, 0.0, 0.056, 0.998, -0.25],
                [1.0, 0.0, 0.0, 0.001, 0.0, 0.998, 0.056, 0.873, 0.0, 0.056, 0.998, -0.25],
                [1.0, 0.0, 0.0, 0.001, 0.0, 0.969, -0.249, 0.873, 0.0, 0.249, 0.969, -0.25],
                [1.0, 0.0, 0.0, 0.001, 0.0, 1.0, 0.0, 0.873, 0.0, 0.0, 1.0, -0.25]
            ]
        },
        {
            "name": "jaw",
            "time": [0.0, 0.167, 0.333, 0.5, 0.667, 1.333],
            "transform": [[1.0, 0.0, 0.0, 0.001, 0.0, 1.0, 0.0, 0.873, 0.0, 0.0, 1.0, -0.258],
                [1.0, 0.0, 0.0, 0.001, 0.0, 1.0, 0.0, 0.873, 0.0, 0.0, 1.0, -0.258],
                [1.0, 0.0, 0.0, 0.001, 0.0, 1.0, 0.0, 0.873, 0.0, 0.0, 1.0, -0.258],
                [1.0, 0.0, 0.0, 0.001, 0.0, 0.998, 0.062, 0.873, 0.0, 0.062, 0.998, -0.258],
                [1.0, 0.0, 0.0, 0.001, 0.0, 0.393, 0.919, 0.873, 0.0, -0.919, 0.393, -0.258],
                [1.0, 0.0, 0.0, 0.001, 0.0, 1.0, 0.0, 0.873, 0.0, 0.0, 1.0, -0.258]
            ]
        }
    ]
}