{
    "animation": [
        {
            "name": "root",
            "time": [0.0, 0.083, 0.533, 1.0, 1.167],
            "transform": [[1.0, 0.0, 0.0, 0.0, 0.0, 0.998, 0.062, -1.268, 0.0, 0.062, 0.998, 0.201],
                [1.0, 0.0, 0.0, 0.0, 0.0, 0.998, 0.069, -1.268, 0.0, 0.069, 0.998, 0.207],
                [1.0, 0.0, 0.0, 0.0, 0.0, 0.988, -0.152, -1.268, 0.0, 0.152, 0.988, -0.148],
                [1.0, 0.0, 0.0, 0.0, 0.0, 1.0, 0.054, -1.268, 0.0, 0.054, 1.0, 0.227],
                [1.0, 0.0, 0.0, 0.0, 0.0, 0.998, 0.062, -1.268, 0.0, 0.062, 0.998, 0.201]
            ]
        },
        {
            "name": "right_hind_leg",
            "time": [0.0, 0.45, 0.8, 1.167],
            "transform": [[1.0, 0.0, 0.0, 1.0, 0.0, -0.364, 0.931, 0.545, 0.0, -0.931, -0.364, 0.036],
                [1.0, 0.0, 0.0, 1.0, 0.0, -0.986, 0.164, 0.545, 0.0, -0.164, -0.986, 0.036],
                [1.0, 0.0, 0.0, 1.0, 0.0, -0.755, 0.655, 0.545, 0.0, -0.655, -0.755, 0.036],
                [1.0, 0.0, 0.0, 1.0, 0.0, -0.364, 0.931, 0.545, 0.0, -0.931, -0.364, 0.036]
            ]
        },
        {
            "name": "right_hind_leg_tip",
            "time": [0.0, 0.45, 0.8, 1.167],
            "transform": [[1.0, 0.0, 0.0, 0.0, 0.0, -0.188, 0.982, 1.692, 0.0, -0.982, -0.188, 0.0],
                [1.0, 0.0, 0.0, 0.0, 0.0, 0.871, 0.491, 1.692, 0.0, -0.491, 0.871, 0.0],
                [1.0, 0.0, 0.0, 0.0, 0.0, 0.264, 0.965, 1.692, 0.0, -0.965, 0.264, 0.0],
                [1.0, 0.0, 0.0, 0.0, 0.0, -0.188, 0.982, 1.692, 0.0, -0.982, -0.188, 0.0]
            ]
        },
        {
            "name": "right_hind_foot",
            "time": [0.0, 0.45, 0.8, 1.167],
            "transform": [[1.0, 0.0, 0.0, 0.0, 0.0, 0.659, -0.752, 2.16, 0.0, 0.752, 0.659, 0.0],
                [1.0, 0.0, 0.0, 0.0, 0.0, -0.191, -0.982, 2.16, 0.0, 0.982, -0.191, 0.0],
                [1.0, 0.0, 0.0, 0.0, 0.0, 0.288, -0.958, 2.16, 0.0, 0.958, 0.288, 0.0],
                [1.0, 0.0, 0.0, 0.0, 0.0, 0.659, -0.752, 2.16, 0.0, 0.752, 0.659, 0.0]
            ]
        },
        {
            "name": "left_hind_leg",
            "time": [0.0, 0.45, 0.8, 1.167],
            "transform": [[1.0, 0.0, 0.0, -1.0, 0.0, -0.364, 0.931, 0.545, 0.0, -0.931, -0.364, 0.036],
                [1.0, 0.0, 0.0, -1.0, 0.0, -0.986, 0.164, 0.545, 0.0, -0.164, -0.986, 0.036],
                [1.0, 0.0, 0.0, -1.0, 0.0, -0.755, 0.655, 0.545, 0.0, -0.655, -0.755, 0.036],
                [1.0, 0.0, 0.0, -1.0, 0.0, -0.364, 0.931, 0.545, 0.0, -0.931, -0.364, 0.036]
            ]
        },
        {
            "name": "left_hind_leg_tip",
            "time": [0.0, 0.45, 0.8, 1.167],
            "transform": [[1.0, 0.0, 0.0, 0.0, 0.0, -0.188, 0.982, 1.692, 0.0, -0.982, -0.188, 0.0],
                [1.0, 0.0, 0.0, 0.0, 0.0, 0.871, 0.491, 1.692, 0.0, -0.491, 0.871, 0.0],
                [1.0, 0.0, 0.0, 0.0, 0.0, 0.264, 0.965, 1.692, 0.0, -0.965, 0.264, 0.0],
                [1.0, 0.0, 0.0, 0.0, 0.0, -0.188, 0.982, 1.692, 0.0, -0.982, -0.188, 0.0]
            ]
        },
        {
            "name": "left_hind_foot",
            "time": [0.0, 0.45, 0.8, 1.167],
            "transform": [[1.0, 0.0, 0.0, 0.0, 0.0, 0.659, -0.752, 2.16, 0.0, 0.752, 0.659, 0.0],
                [1.0, 0.0, 0.0, 0.0, 0.0, -0.191, -0.982, 2.16, 0.0, 0.982, -0.191, 0.0],
                [1.0, 0.0, 0.0, 0.0, 0.0, 0.288, -0.958, 2.16, 0.0, 0.958, 0.288, 0.0],
                [1.0, 0.0, 0.0, 0.0, 0.0, 0.659, -0.752, 2.16, 0.0, 0.752, 0.659, 0.0]
            ]
        },
        {
            "name": "neck_tail_1",
            "time": [0.0, 0.45, 0.583, 0.95, 1.167],
            "transform": [[-1.0, 0.0, 0.0, 0.0, 0.0, -0.988, 0.152, -0.516, 0.0, 0.152, 0.988, 0.429],
                [-1.0, 0.0, 0.0, 0.0, 0.0, -0.982, 0.188, -0.516, 0.0, 0.188, 0.982, 0.429],
                [-1.0, 0.0, 0.0, 0.0, 0.0, -1.0, 0.0, -0.516, 0.0, 0.0, 1.0, 0.429],
                [-1.0, 0.001, 0.0, 0.0, 0.001, -1.0, 0.0, -0.516, 0.0, 0.0, 1.0, 0.429],
                [-1.0, 0.0, 0.0, 0.0, 0.0, -0.988, 0.152, -0.516, 0.0, 0.152, 0.988, 0.429]
            ]
        },
        {
            "name": "neck_tail_2",
            "time": [0.0, 0.45, 0.583, 0.95, 1.167],
            "transform": [[1.0, 0.0, 0.0, 0.0, 0.0, 0.993, 0.117, 0.616, 0.0, -0.117, 0.993, 0.0],
                [1.0, 0.0, 0.0, 0.0, 0.0, 0.993, -0.116, 0.616, 0.0, 0.116, 0.993, 0.0],
                [1.0, 0.0, 0.0, 0.0, 0.0, 0.983, -0.185, 0.616, 0.0, 0.185, 0.983, 0.0],
                [1.0, 0.0, 0.0, 0.0, 0.0, 1, 0.027, 0.616, 0.0, 0.027, 1, 0.0],
                [1.0, 0.0, 0.0, 0.0, 0.0, 0.993, 0.117, 0.616, 0.0, -0.117, 0.993, 0.0]
            ]
        },
        {
            "name": "neck_tail_3",
            "time": [0.0, 0.45, 0.583, 0.95, 1.167],
            "transform": [[1.0, 0.0, 0.0, 0.0, 0.0, 0.991, 0.132, 0.625, 0.0, -0.132, 0.991, 0.0],
                [1.0, 0.0, 0.0, 0.0, 0.0, 0.995, 0.098, 0.625, 0.0, 0.098, 0.995, 0.0],
                [1.0, 0.0, 0.0, 0.0, 0.0, 0.99, -0.141, 0.625, 0.0, 0.141, 0.99, 0.0],
                [1.0, 0.0, 0.0, 0.0, 0.0, 1.0, 0.051, 0.625, 0.0, 0.051, 1.0, 0.0],
                [1.0, 0.0, 0.0, 0.0, 0.0, 0.991, 0.132, 0.625, 0.0, -0.132, 0.991, 0.0]
            ]
        },
        {
            "name": "neck_tail_4",
            "time": [0.0, 0.45, 0.583, 0.95, 1.167],
            "transform": [[1.0, 0.0, 0.0, 0.0, 0.0, 0.99, 0.145, 0.626, 0.0, -0.145, 0.99, 0.0],
                [1.0, 0.0, 0.0, 0.0, 0.0, 0.996, 0.087, 0.626, 0.0, 0.087, 0.996, 0.0],
                [1.0, 0.0, 0.0, 0.0, 0.0, 0.994, -0.107, 0.626, 0.0, 0.107, 0.994, 0.0],
                [1.0, 0.0, 0.0, 0.0, 0.0, 0.998, 0.07, 0.626, 0.0, 0.07, 0.998, 0.0],
                [1.0, 0.0, 0.0, 0.0, 0.0, 0.99, 0.145, 0.626, 0.0, -0.145, 0.99, 0.0]
            ]
        },
        {
            "name": "neck_tail_5",
            "time": [0.0, 0.367, 0.45, 0.583, 0.95, 1.167],
            "transform": [[1.0, 0.0, 0.0, 0.0, 0.0, 0.988, 0.153, 0.625, 0.0, -0.153, 0.988, 0.0],
                [1.0, 0.0, 0.0, 0.0, 0.0, 1.0, 0.012, 0.625, 0.0, 0.012, 1.0, 0.0],
                [1.0, 0.0, 0.0, 0.0, 0.0, 0.997, 0.079, 0.625, 0.0, 0.079, 0.997, 0.0],
                [1.0, 0.0, 0.0, 0.0, 0.0, 0.997, 0.081, 0.625, 0.0, 0.081, 0.997, 0.0],
                [1.0, 0.0, 0.0, 0.0, 0.0, 0.997, 0.084, 0.625, 0.0, 0.084, 0.997, 0.0],
                [1.0, 0.0, 0.0, 0.0, 0.0, 0.988, 0.153, 0.625, 0.0, -0.153, 0.988, 0.0]
            ]
        },
        {
            "name": "neck_tail_6",
            "time": [0.0, 0.367, 0.45, 0.583, 0.95, 1.167],
            "transform": [[1.0, 0.0, 0.0, 0.0, 0.0, 0.988, 0.155, 0.623, 0.0, -0.155, 0.988, 0.0],
                [1.0, 0.0, 0.0, 0.0, 0.0, 1.0, 0.0, 0.623, 0.0, 0.0, 1.0, 0.0],
                [1.0, 0.0, 0.0, 0.0, 0.0, 0.997, 0.072, 0.623, 0.0, 0.072, 0.997, 0.0],
                [1.0, 0.0, 0.0, 0.0, 0.0, 0.996, 0.089, 0.623, 0.0, 0.089, 0.996, 0.0],
                [1.0, 0.0, 0.0, 0.0, 0.0, 1.0, 0.0, 0.623, 0.0, 0.0, 1.0, 0.0],
                [1.0, 0.0, 0.0, 0.0, 0.0, 0.988, 0.155, 0.623, 0.0, -0.155, 0.988, 0.0]
            ]
        },
        {
            "name": "neck_tail_7",
            "time": [0.0, 0.367, 0.45, 0.583, 0.95, 1.167],
            "transform": [[1.0, 0.0, 0.0, 0.0, 0.0, 0.989, 0.15, 0.625, 0.0, -0.15, 0.989, 0.0],
                [1.0, 0.0, 0.0, 0.0, 0.0, 1.0, 0.049, 0.625, 0.0, 0.049, 1.0, 0.0],
                [1.0, 0.0, 0.0, 0.0, 0.0, 0.998, 0.065, 0.625, 0.0, 0.065, 0.998, 0.0],
                [1.0, 0.0, 0.0, 0.0, 0.0, 0.997, 0.076, 0.625, 0.0, 0.076, 0.997, 0.0],
                [1.0, 0.0, 0.0, 0.0, 0.0, 1.0, 0.049, 0.625, 0.0, 0.049, 1.0, 0.0],
                [1.0, 0.0, 0.0, 0.0, 0.0, 0.989, 0.15, 0.625, 0.0, -0.15, 0.989, 0.0]
            ]
        },
        {
            "name": "neck_tail_8",
            "time": [0.0, 0.367, 0.45, 0.583, 0.95, 1.167],
            "transform": [[1.0, 0.0, 0.0, 0.0, 0.0, 0.991, 0.138, 0.625, 0.0, -0.138, 0.991, 0.0],
                [1.0, 0.0, 0.0, 0.0, 0.0, 0.998, 0.059, 0.625, 0.0, 0.059, 0.998, 0.0],
                [1.0, 0.0, 0.0, 0.0, 0.0, 0.998, 0.058, 0.625, 0.0, 0.058, 0.998, 0.0],
                [1.0, 0.0, 0.0, 0.0, 0.0, 0.998, 0.067, 0.625, 0.0, 0.067, 0.998, 0.0],
                [1.0, 0.0, 0.0, 0.0, 0.0, 1.0, 0.053, 0.625, 0.0, 0.053, 1.0, 0.0],
                [1.0, 0.0, 0.0, 0.0, 0.0, 0.991, 0.138, 0.625, 0.0, -0.138, 0.991, 0.0]
            ]
        },
        {
            "name": "neck_tail_9",
            "time": [0.0, 0.367, 0.45, 0.583, 0.95, 1.167],
            "transform": [[1.0, 0.0, 0.0, 0.0, 0.0, 0.993, 0.119, 0.625, 0.0, -0.119, 0.993, 0.0],
                [1.0, 0.0, 0.0, 0.0, 0.0, 1.0, 0.035, 0.625, 0.0, 0.035, 1.0, 0.0],
                [1.0, 0.0, 0.0, 0.0, 0.0, 1.0, 0.049, 0.625, 0.0, 0.049, 1.0, 0.0],
                [1.0, 0.0, 0.0, 0.0, 0.0, 1.0, 0.049, 0.625, 0.0, 0.049, 1.0, 0.0],
                [1.0, 0.0, 0.0, 0.0, 0.0, 0.998, 0.071, 0.625, 0.0, 0.071, 0.998, 0.0],
                [1.0, 0.0, 0.0, 0.0, 0.0, 0.993, 0.119, 0.625, 0.0, -0.119, 0.993, 0.0]
            ]
        },
        {
            "name": "neck_tail_10",
            "time": [0.0, 0.367, 0.45, 0.583, 0.95, 1.167],
            "transform": [[1.0, 0.0, 0.0, 0.0, 0.0, 0.996, 0.095, 0.626, 0.0, 0.095, 0.996, 0.0],
                [1.0, 0.0, 0.0, 0.0, 0.0, 0.998, 0.059, 0.626, 0.0, 0.059, 0.998, 0.0],
                [1.0, 0.0, 0.0, 0.0, 0.0, 1.0, 0.038, 0.626, 0.0, 0.038, 1.0, 0.0],
                [1.0, 0.0, 0.0, 0.0, 0.0, 1.0, 0.043, 0.626, 0.0, 0.043, 1.0, 0.0],
                [1.0, 0.0, 0.0, 0.0, 0.0, 1.0, 0.055, 0.626, 0.0, 0.055, 1.0, 0.0],
                [1.0, 0.0, 0.0, 0.0, 0.0, 0.996, 0.095, 0.626, 0.0, 0.095, 0.996, 0.0]
            ]
        },
        {
            "name": "neck_tail_11",
            "time": [0.0, 0.367, 0.45, 0.583, 0.95, 1.167],
            "transform": [[1.0, 0.0, 0.0, 0.0, 0.0, 0.998, 0.066, 0.625, 0.0, 0.066, 0.998, 0.0],
                [1.0, 0.0, 0.0, 0.0, 0.0, 1.0, 0.04, 0.625, 0.0, 0.04, 1.0, 0.0],
                [1.0, 0.0, 0.0, 0.0, 0.0, 1, 0.026, 0.625, 0.0, 0.026, 1, 0.0],
                [1.0, 0.0, 0.0, 0.0, 0.0, 1.0, 0.041, 0.625, 0.0, 0.041, 1.0, 0.0],
                [1.0, 0.0, 0.0, 0.0, 0.0, 0.997, 0.072, 0.625, 0.0, 0.072, 0.997, 0.0],
                [1.0, 0.0, 0.0, 0.0, 0.0, 0.998, 0.066, 0.625, 0.0, 0.066, 0.998, 0.0]
            ]
        },
        {
            "name": "neck_tail_12",
            "time": [0.0, 0.367, 0.45, 0.583, 0.95, 1.167],
            "transform": [[1.0, 0.0, 0.0, 0.0, 0.0, 1.0, 0.034, 0.625, 0.0, 0.034, 1.0, 0.0],
                [1.0, 0.0, 0.0, 0.0, 0.0, 0.996, 0.085, 0.625, 0.0, 0.085, 0.996, 0.0],
                [1.0, 0.0, 0.0, 0.0, 0.0, 1.0, 0.013, 0.625, 0.0, 0.013, 1.0, 0.0],
                [1.0, 0.0, 0.0, 0.0, 0.0, 0.998, 0.057, 0.625, 0.0, 0.057, 0.998, 0.0],
                [1.0, 0.0, 0.0, 0.0, 0.0, 1.0, 0.053, 0.625, 0.0, 0.053, 1.0, 0.0],
                [1.0, 0.0, 0.0, 0.0, 0.0, 1.0, 0.034, 0.625, 0.0, 0.034, 1.0, 0.0]
            ]
        },
        {
            "name": "right_front_leg",
            "time": [0.0, 0.45, 1.0, 1.167],
            "transform": [[1.0, 0.0, 0.0, 0.75, 0.0, -0.814, -0.581, 2.917, 0.0, 0.581, -0.814, -0.176],
                [1.0, 0.0, 0.0, 0.75, 0.0, -0.568, 0.823, 2.917, 0.0, -0.823, -0.568, -0.176],
                [1.0, 0.0, 0.0, 0.75, 0.0, -0.871, -0.491, 2.917, 0.0, 0.491, -0.871, -0.176],
                [1.0, 0.0, 0.0, 0.75, 0.0, -0.814, -0.581, 2.917, 0.0, 0.581, -0.814, -0.176]
            ]
        },
        {
            "name": "right_front_leg_tip",
            "time": [0.0, 0.45, 1.0, 1.167],
            "transform": [[1.0, 0.0, 0.0, 0.0, 0.0, -0.425, -0.905, 1.254, 0.0, 0.905, -0.425, 0.0],
                [1.0, 0.0, 0.0, 0.0, 0.0, 0.924, -0.382, 1.254, 0.0, 0.382, 0.924, 0.0],
                [1.0, 0.0, 0.0, 0.0, 0.0, -0.324, -0.946, 1.254, 0.0, 0.946, -0.324, 0.0],
                [1.0, 0.0, 0.0, 0.0, 0.0, -0.425, -0.905, 1.254, 0.0, 0.905, -0.425, 0.0]
            ]
        },
        {
            "name": "right_front_foot",
            "time": [0.0, 0.45, 1.0, 1.167],
            "transform": [[1.0, 0.0, 0.0, 0.0, 0.0, 0.513, -0.858, 1.488, 0.0, 0.858, 0.513, 0.0],
                [1.0, 0.0, 0.0, 0.0, 0.0, 1.0, 0.051, 1.488, 0.0, 0.051, 1.0, 0.0],
                [1.0, 0.0, 0.0, 0.0, 0.0, 0.653, -0.757, 1.488, 0.0, 0.757, 0.653, 0.0],
                [1.0, 0.0, 0.0, 0.0, 0.0, 0.513, -0.858, 1.488, 0.0, 0.858, 0.513, 0.0]
            ]
        },
        {
            "name": "left_front_leg",
            "time": [0.0, 0.45, 1.0, 1.167],
            "transform": [[1.0, 0.0, 0.0, -0.75, 0.0, -0.814, -0.581, 2.917, 0.0, 0.581, -0.814, -0.176],
                [1.0, 0.0, 0.0, -0.75, 0.0, -0.568, 0.823, 2.917, 0.0, -0.823, -0.568, -0.176],
                [1.0, 0.0, 0.0, -0.75, 0.0, -0.871, -0.491, 2.917, 0.0, 0.491, -0.871, -0.176],
                [1.0, 0.0, 0.0, -0.75, 0.0, -0.814, -0.581, 2.917, 0.0, 0.581, -0.814, -0.176]
            ]
        },
        {
            "name": "left_front_leg_tip",
            "time": [0.0, 0.45, 1.0, 1.167],
            "transform": [[1.0, 0.0, 0.0, 0.0, 0.0, -0.425, -0.905, 1.254, 0.0, 0.905, -0.425, 0.0],
                [1.0, 0.0, 0.0, 0.0, 0.0, 0.924, -0.382, 1.254, 0.0, 0.382, 0.924, 0.0],
                [1.0, 0.0, 0.0, 0.0, 0.0, -0.324, -0.946, 1.254, 0.0, 0.946, -0.324, 0.0],
                [1.0, 0.0, 0.0, 0.0, 0.0, -0.425, -0.905, 1.254, 0.0, 0.905, -0.425, 0.0]
            ]
        },
        {
            "name": "left_front_foot",
            "time": [0.0, 0.45, 1.0, 1.167],
            "transform": [[1.0, 0.0, 0.0, 0.0, 0.0, 0.513, -0.858, 1.488, 0.0, 0.858, 0.513, 0.0],
                [1.0, 0.0, 0.0, 0.0, 0.0, 1.0, 0.051, 1.488, 0.0, 0.051, 1.0, 0.0],
                [1.0, 0.0, 0.0, 0.0, 0.0, 0.653, -0.757, 1.488, 0.0, 0.757, 0.653, 0.0],
                [1.0, 0.0, 0.0, 0.0, 0.0, 0.513, -0.858, 1.488, 0.0, 0.858, 0.513, 0.0]
            ]
        },
        {
            "name": "right_wing",
            "time": [0.0, 0.533, 1.0, 1.167],
            "transform": [[0.05, 0.343, -0.938, 0.75, -0.97, 0.208, 0.128, 2.861, 0.239, 0.916, 0.322, 0.745],
                [-0.134, 0.502, 0.854, 0.75, -0.989, -0.123, 0.082, 2.861, 0.064, -0.856, 0.513, 0.745],
                [0.023, 0.906, -0.422, 0.75, -1, 0.023, 0.005, 2.861, 0.005, 0.422, 0.907, 0.745],
                [0.05, 0.343, -0.938, 0.75, -0.97, 0.208, 0.128, 2.861, 0.239, 0.916, 0.322, 0.745]
            ]
        },
        {
            "name": "right_wing_tip",
            "time": [0.0, 0.317, 0.533, 0.817, 1.0, 1.167],
            "transform": [[1.0, 0.036, 0.011, 0.0, 0.036, 0.817, -0.576, 3.5, 0.011, 0.576, 0.818, 0.0],
                [1.0, 0, 0.012, 0.0, 0.009, 0.709, -0.705, 3.5, 0.009, 0.705, 0.709, 0.0],
                [1, 0.006, 0.021, 0.0, 0.011, 0.707, 0.707, 3.5, 0.019, -0.707, 0.707, 0.0],
                [1, 0.025, 0.018, 0.0, 0.031, 0.781, 0.624, 3.5, 0.001, -0.624, 0.782, 0.0],
                [1, 0.023, 0.005, 0.0, 0.023, 0.906, 0.422, 3.5, 0.005, -0.422, 0.907, 0.0],
                [1.0, 0.036, 0.011, 0.0, 0.036, 0.817, -0.576, 3.5, 0.011, 0.576, 0.818, 0.0]
            ]
        },
        {
            "name": "left_wing",
            "time": [0.0, 0.533, 1.0, 1.167],
            "transform": [[0.029, -0.349, 0.936, -0.751, 0.969, 0.221, 0.113, 2.861, -0.246, 0.91, 0.332, 0.745],
                [-0.13, -0.537, -0.834, -0.751, 0.989, -0.13, 0.07, 2.861, 0.071, -0.833, 0.548, 0.745],
                [0.023, -0.906, 0.422, -0.751, 1, 0.023, 0.005, 2.861, 0.005, 0.422, 0.907, 0.745],
                [0.029, -0.349, 0.936, -0.751, 0.969, 0.221, 0.113, 2.861, -0.246, 0.91, 0.332, 0.745]
            ]
        },
        {
            "name": "left_wing_tip",
            "time": [0.0, 0.317, 0.533, 0.817, 1.0, 1.167],
            "transform": [[1.0, 0.037, 0.012, 0.0, 0.037, 0.803, -0.595, 3.5, 0.012, 0.595, 0.804, 0.0],
                [1, 0.007, 0.002, 0.0, 0.006, 0.674, -0.739, 3.5, 0.004, 0.739, 0.674, 0.0],
                [1.0, 0.006, 0.014, 0.0, 0.006, 0.675, 0.738, 3.5, 0.014, -0.738, 0.675, 0.0],
                [1, 0.029, 0.008, 0.0, 0.027, 0.773, 0.633, 3.5, 0.012, -0.633, 0.774, 0.0],
                [1, 0.023, 0.005, 0.0, 0.023, 0.906, 0.422, 3.5, 0.005, -0.422, 0.907, 0.0],
                [1.0, 0.037, 0.012, 0.0, 0.037, 0.803, -0.595, 3.5, 0.012, 0.595, 0.804, 0.0]
            ]
        },
        {
            "name": "neck",
            "time": [0.0, 0.45, 1.0, 1.167],
            "transform": [[1.0, 0.0, 0.0, 0.0, 0.0, 0.947, 0.322, 3.494, 0.0, -0.322, 0.947, 0.0],
                [1.0, 0.0, 0.0, 0.0, 0.0, 0.94, -0.342, 3.494, 0.0, 0.342, 0.94, 0.0],
                [1.0, 0.0, 0.0, 0.0, 0.0, 0.953, 0.303, 3.494, 0.0, -0.303, 0.953, 0.0],
                [1.0, 0.0, 0.0, 0.0, 0.0, 0.947, 0.322, 3.494, 0.0, -0.322, 0.947, 0.0]
            ]
        },
        {
            "name": "neck2",
            "time": [0.0, 0.45, 1.0, 1.167],
            "transform": [[1.0, 0.0, 0.0, 0.0, 0.0, 1.0, 0.044, 0.624, 0.0, 0.044, 1.0, 0.0],
                [1.0, 0.0, 0.0, 0.0, 0.0, 0.983, 0.186, 0.624, 0.0, -0.186, 0.983, 0.0],
                [1.0, 0.0, 0.0, 0.0, 0.0, 1.0, 0.037, 0.624, 0.0, 0.037, 1.0, 0.0],
                [1.0, 0.0, 0.0, 0.0, 0.0, 1.0, 0.044, 0.624, 0.0, 0.044, 1.0, 0.0]
            ]
        },
        {
            "name": "neck3",
            "time": [0.0, 0.45, 1.0, 1.167],
            "transform": [[1.0, 0.0, 0.0, 0.0, 0.0, 0.986, -0.165, 0.627, 0.0, 0.165, 0.986, 0.0],
                [1.0, 0.0, 0.0, 0.0, 0.0, 0.981, 0.192, 0.627, 0.0, -0.192, 0.981, 0.0],
                [1.0, 0.0, 0.0, 0.0, 0.0, 0.988, -0.155, 0.627, 0.0, 0.155, 0.988, 0.0],
                [1.0, 0.0, 0.0, 0.0, 0.0, 0.986, -0.165, 0.627, 0.0, 0.165, 0.986, 0.0]
            ]
        },
        {
            "name": "neck4",
            "time": [0.0, 0.45, 1.0, 1.167],
            "transform": [[1.0, 0.0, 0.0, 0.0, 0.0, 0.982, -0.191, 0.624, 0.0, 0.191, 0.982, 0.0],
                [1.0, 0.0, 0.0, 0.0, 0.0, 0.988, 0.156, 0.624, 0.0, -0.156, 0.988, 0.0],
                [1.0, 0.0, 0.0, 0.0, 0.0, 0.984, -0.181, 0.624, 0.0, 0.181, 0.984, 0.0],
                [1.0, 0.0, 0.0, 0.0, 0.0, 0.982, -0.191, 0.624, 0.0, 0.191, 0.982, 0.0]
            ]
        },
        {
            "name": "neck5",
            "time": [0.0, 0.45, 1.0, 1.167],
            "transform": [[1.0, 0.0, 0.0, 0.0, 0.0, 0.992, -0.124, 0.624, 0.0, 0.124, 0.992, 0.0],
                [1.0, 0.0, 0.0, 0.0, 0.0, 0.996, 0.087, 0.624, 0.0, 0.087, 0.996, 0.0],
                [1.0, 0.0, 0.0, 0.0, 0.0, 0.993, -0.118, 0.624, 0.0, 0.118, 0.993, 0.0],
                [1.0, 0.0, 0.0, 0.0, 0.0, 0.992, -0.124, 0.624, 0.0, 0.124, 0.992, 0.0]
            ]
        },
        {
            "name": "head",
            "time": [0.0, 0.45, 1.0, 1.167],
            "transform": [[1.0, 0.0, 0.0, 0.0, 0.0, 0.994, 0.108, 0.629, 0.0, -0.108, 0.994, 0.0],
                [1.0, 0.0, 0.0, 0.0, 0.0, 0.997, 0.072, 0.629, 0.0, 0.072, 0.997, 0.0],
                [1.0, 0.0, 0.0, 0.0, 0.0, 0.994, 0.107, 0.629, 0.0, -0.107, 0.994, 0.0],
                [1.0, 0.0, 0.0, 0.0, 0.0, 0.994, 0.108, 0.629, 0.0, -0.108, 0.994, 0.0]
            ]
        }
    ]
}