{
    "animation": [
        {
            "name": "root",
            "time": [0.0, 0.65, 0.95, 1.1, 1.233, 1.433, 1.617, 2.1, 2.417, 3.183],
            "transform": [[1.0, 0.0, 0.0, 0.0, 0.0, 0.998, 0.062, -18.985, 0.0, 0.062, 0.998, 12.78],
                [1.0, 0.0, 0.0, 0.0, 0.0, 0.97, -0.242, -5.334, 0.0, 0.242, 0.97, 6.252],
                [1.0, 0.0, 0.0, 0.0, 0.0, 0.967, 0.255, -0.976, 0.0, -0.255, 0.967, 5.039],
                [1.0, 0.0, 0.0, 0.0, 0.0, 0.921, 0.39, -0.378, 0.0, -0.39, 0.921, 3.387],
                [1.0, 0.0, 0.0, 0.0, 0.0, 0.921, 0.39, -0.378, 0.0, -0.39, 0.921, 2.681],
                [1.0, 0.0, 0.0, 0.0, 0.0, 0.879, 0.477, 0.074, 0.0, -0.477, 0.879, 2.258],
                [1.0, 0.0, 0.0, 0.0, 0.0, 0.871, 0.491, 0.146, 0.0, -0.491, 0.871, 2.243],
                [1.0, 0.0, 0.0, 0.0, 0.0, 0.921, 0.39, -0.378, 0.0, -0.39, 0.921, 2.26],
                [1.0, 0.0, 0.0, 0.0, 0.0, 0.941, 0.339, 0.094, 0.0, -0.339, 0.941, 2.568],
                [1.0, 0.0, 0.0, 0.0, 0.0, 0.944, 0.329, 0.0, 0.0, -0.329, 0.944, 2.681]
            ]
        },
        {
            "name": "right_hind_leg",
            "time": [0.0, 0.65, 0.95, 1.233, 1.433, 1.617, 2.1, 2.417, 3.183],
            "transform": [[1, 0.0, 0.0, 1, 0.0, -0.444, 0.896, 0.545, 0.0, -0.896, -0.444, 0.036],
                [0.965, 0.263, 0.024, 1, -0.258, 0.919, 0.298, 0.545, 0.056, -0.294, 0.954, 0.036],
                [0.967, 0.075, 0.244, 1, -0.251, 0.109, 0.962, 0.545, 0.045, -0.991, 0.124, 0.036],
                [0.448, 0.829, 0.335, 1, -0.891, 0.446, 0.088, 0.545, 0.077, -0.338, 0.938, 0.036],
                [0.437, 0.86, 0.262, 1, -0.899, 0.419, 0.125, 0.545, 0.003, -0.29, 0.957, 0.036],
                [0.433, 0.859, 0.274, 1, -0.902, 0.41, 0.136, 0.545, 0.005, -0.306, 0.952, 0.036],
                [0.471, 0.866, 0.168, 1, -0.881, 0.47, 0.045, 0.545, 0.04, -0.17, 0.985, 0.036],
                [0.417, 0.825, 0.381, 1, -0.909, 0.373, 0.186, 0.545, 0.011, -0.424, 0.906, 0.036],
                [0.397, 0.799, 0.451, 1, -0.917, 0.33, 0.224, 0.545, 0.03, -0.502, 0.864, 0.036]
            ]
        },
        {
            "name": "right_hind_leg_tip",
            "time": [0.0, 0.65, 0.95, 1.233, 1.433, 1.617, 2.1, 2.417, 3.183],
            "transform": [[0.98, 0.169, 0.11, 0.0, 0.093, -0.105, 0.99, 1.692, 0.179, -0.98, 0.087, 0.0],
                [0.976, 0.214, 0.05, 0.0, 0.2, -0.772, 0.603, 1.692, 0.09, -0.598, -0.796, 0.0],
                [0.995, 0.042, 0.095, 0.0, 0.08, 0.891, 0.447, 1.692, 0.066, -0.452, 0.89, 0.0],
                [0.98, 0.169, 0.11, 0.0, 0.093, -0.105, 0.99, 1.692, 0.179, -0.98, 0.087, 0.0],
                [0.957, 0.23, 0.175, 0.0, -0.114, -0.255, 0.96, 1.692, 0.265, -0.939, -0.218, 0.0],
                [0.956, 0.236, 0.177, 0.0, -0.119, -0.242, 0.963, 1.692, 0.27, -0.941, -0.203, 0.0],
                [0.96, 0.194, 0.203, 0.0, -0.125, -0.354, 0.927, 1.692, 0.252, -0.915, -0.315, 0.0],
                [0.96, 0.238, 0.15, 0.0, -0.134, 0.083, 0.988, 1.692, 0.248, -0.968, 0.047, 0.0],
                [0.96, 0.246, 0.136, 0.0, -0.148, 0.027, 0.989, 1.692, 0.24, -0.969, 0.063, 0.0]
            ]
        },
        {
            "name": "right_hind_foot",
            "time": [0.0, 0.65, 0.95, 1.233, 1.433, 1.617, 2.1, 2.417, 3.183],
            "transform": [[1.0, 0.0, 0.0, 0.0, 0.0, 0.509, -0.861, 2.16, 0.0, 0.861, 0.509, 0.0],
                [1.0, 0.0, 0.0, 0.0, 0.0, 0.516, -0.857, 2.16, 0.0, 0.857, 0.516, 0.0],
                [0.975, -0.211, 0.072, 0.0, 0.102, 0.135, -0.986, 2.16, 0.198, 0.968, 0.153, 0.0],
                [0.887, 0.017, 0.461, 0.0, 0.359, -0.603, -0.712, 2.16, 0.29, 0.798, -0.529, 0.0],
                [0.746, 0.024, 0.665, 0.0, 0.483, -0.707, -0.516, 2.16, 0.458, 0.707, -0.54, 0.0],
                [0.73, 0.021, 0.683, 0.0, 0.491, -0.711, -0.503, 2.16, 0.475, 0.703, -0.53, 0.0],
                [0.826, 0.025, 0.563, 0.0, 0.407, -0.665, -0.626, 2.16, 0.39, 0.747, -0.539, 0.0],
                [0.82, 0.027, 0.572, 0.0, 0.425, -0.641, -0.64, 2.16, 0.384, 0.767, -0.514, 0.0],
                [0.814, 0.044, 0.579, 0.0, 0.43, -0.624, -0.652, 2.16, 0.389, 0.78, -0.489, 0.0]
            ]
        },
        {
            "name": "left_hind_leg",
            "time": [0.0, 0.65, 0.95, 1.233, 1.433, 1.617, 2.1, 2.417, 3.183],
            "transform": [[1, 0.0, 0.0, -1, 0.0, -0.444, 0.896, 0.545, 0.0, -0.896, -0.444, 0.036],
                [0.966, -0.255, 0.039, -1, 0.254, 0.921, 0.294, 0.545, 0.039, -0.294, 0.955, 0.036],
                [0.966, 0.074, -0.248, -1, 0.255, 0.109, 0.961, 0.545, 0.044, -0.991, 0.124, 0.036],
                [0.435, -0.835, -0.336, -1, 0.9, 0.407, 0.155, 0.545, 0.008, -0.37, 0.929, 0.036],
                [0.407, -0.883, -0.233, -1, 0.903, 0.352, 0.245, 0.545, -0.134, -0.311, 0.941, 0.036],
                [0.405, -0.882, -0.242, -1, 0.902, 0.343, 0.261, 0.545, -0.147, -0.324, 0.934, 0.036],
                [0.423, -0.892, -0.16, -1, 0.904, 0.404, 0.139, 0.545, 0.059, -0.203, 0.977, 0.036],
                [0.412, -0.84, -0.353, -1, 0.9, 0.314, 0.303, 0.545, -0.144, -0.442, 0.885, 0.036],
                [0.409, -0.811, -0.418, -1, 0.897, 0.275, 0.345, 0.545, -0.165, -0.516, 0.84, 0.036]
            ]
        },
        {
            "name": "left_hind_leg_tip",
            "time": [0.0, 0.65, 0.95, 1.233, 1.433, 1.617, 2.1, 2.417, 3.183],
            "transform": [[1.0, 0.0, 0.0, 0.0, 0.0, 0.098, 0.995, 1.692, 0.0, -0.995, 0.098, 0.0],
                [0.963, -0.245, 0.112, 0.0, -0.263, -0.767, 0.586, 1.692, 0.058, -0.594, -0.803, 0.0],
                [0.955, 0.203, 0.214, 0.0, -0.281, 0.847, 0.451, 1.692, 0.09, -0.491, 0.867, 0.0],
                [1.0, 0.0, 0.0, 0.0, 0.0, -0.162, 0.987, 1.692, 0.0, -0.987, -0.162, 0.0],
                [1.0, 0.0, 0.0, 0.0, 0.0, -0.321, 0.947, 1.692, 0.0, -0.947, -0.321, 0.0],
                [1.0, 0.0, 0.0, 0.0, 0.0, -0.31, 0.951, 1.692, 0.0, -0.951, -0.31, 0.0],
                [1.0, 0.0, 0.0, 0.0, 0.0, -0.41, 0.912, 1.692, 0.0, -0.912, -0.41, 0.0],
                [1.0, 0.0, 0.0, 0.0, 0.0, -0.145, 0.989, 1.692, 0.0, -0.989, -0.145, 0.0],
                [1.0, 0.0, 0.0, 0.0, 0.0, 0.038, 1.0, 1.692, 0.0, -1.0, 0.038, 0.0]
            ]
        },
        {
            "name": "left_hind_foot",
            "time": [0.0, 0.65, 0.95, 1.233, 1.433, 1.617, 2.1, 2.417, 3.183],
            "transform": [[1.0, 0.0, 0.0, 0.0, 0.0, 0.509, -0.861, 2.16, 0.0, 0.861, 0.509, 0.0],
                [1.0, 0.0, 0.0, 0.0, 0.0, 0.516, -0.857, 2.16, 0.0, 0.857, 0.516, 0.0],
                [0.983, 0.184, 0.007, 0.0, 0.024, 0.091, -0.996, 2.16, -0.183, 0.979, 0.094, 0.0],
                [0.938, 0.038, -0.344, 0.0, -0.229, -0.678, -0.699, 2.16, -0.26, 0.734, -0.627, 0.0],
                [0.837, 0.008, -0.547, 0.0, -0.337, -0.78, -0.527, 2.16, -0.431, 0.626, -0.65, 0.0],
                [0.822, 0.006, -0.569, 0.0, -0.348, -0.786, -0.512, 2.16, -0.451, 0.619, -0.643, 0.0],
                [0.913, 0.031, -0.407, 0.0, -0.253, -0.74, -0.623, 2.16, -0.321, 0.672, -0.668, 0.0],
                [0.897, 0.032, -0.441, 0.0, -0.29, -0.71, -0.642, 2.16, -0.334, 0.704, -0.628, 0.0],
                [0.89, 0.028, -0.456, 0.0, -0.31, -0.695, -0.649, 2.16, -0.335, 0.718, -0.61, 0.0]
            ]
        },
        {
            "name": "body",
            "time": [0.0, 0.65, 1.1, 3.183],
            "transform": [[1.0, 0.0, 0.0, 0.0, 0.0, 0.996, 0.093, 0.274, 0.0, 0.093, 0.996, 0.0],
                [1.0, 0.0, 0.0, 0.0, 0.0, 0.952, -0.306, 0.274, 0.0, 0.306, 0.952, 0.0],
                [1.0, 0.0, 0.0, 0.0, 0.0, 0.952, -0.306, 0.274, 0.0, 0.306, 0.952, 0.0],
                [1.0, 0.0, 0.0, 0.0, 0.0, 0.952, -0.306, 0.274, 0.0, 0.306, 0.952, 0.0]
            ]
        },
        {
            "name": "neck_tail_1",
            "time": [0.0, 0.65, 0.95, 1.233, 1.433, 2.1, 2.417, 3.183],
            "transform": [[-1.0, 0.0, 0.0, 0.0, 0.0, -1.0, 0.0, -0.516, 0.0, 0.0, 1.0, 0.429],
                [-1.0, 0.0, 0.0, 0.0, 0.0, -1.0, 0.0, -0.516, 0.0, 0.0, 1.0, 0.429],
                [-1.0, 0.0, 0.0, 0.0, 0.0, -0.624, -0.781, -0.516, 0.0, -0.781, 0.624, 0.429],
                [-1.0, 0.0, 0.0, 0.0, 0.0, -0.595, -0.804, -0.516, 0.0, -0.804, 0.595, 0.429],
                [-1.0, 0.0, 0.0, 0.0, 0.0, -0.527, -0.85, -0.516, 0.0, -0.85, 0.527, 0.429],
                [-1.0, 0.0, 0.0, 0.0, 0.0, -0.581, -0.814, -0.516, 0.0, -0.814, 0.581, 0.429],
                [-1.0, 0.0, 0.0, 0.0, 0.0, -0.573, -0.819, -0.516, 0.0, -0.819, 0.573, 0.429],
                [-1.0, 0.0, 0.0, 0.0, 0.0, -0.573, -0.819, -0.516, 0.0, -0.819, 0.573, 0.429]
            ]
        },
        {
            "name": "neck_tail_2",
            "time": [0.0, 0.65, 0.95, 1.1, 1.233, 1.433, 1.617, 2.417, 3.183],
            "transform": [[1, 0.0, 0.0, 0.0, 0.0, 0.997, 0.076, 0.616, 0.0, 0.076, 0.997, 0.0],
                [1, 0.0, 0.0, 0.0, 0.0, 0.972, -0.235, 0.616, 0.0, 0.235, 0.972, 0.0],
                [1, 0.0, 0.0, 0.0, 0.0, 0.96, -0.281, 0.616, 0.0, 0.281, 0.96, 0.0],
                [1, 0.0, 0.0, 0.0, 0.0, 1.0, 0.033, 0.616, 0.0, 0.033, 1.0, 0.0],
                [1, 0.0, 0.0, 0.0, 0.0, 0.992, -0.125, 0.616, 0.0, 0.125, 0.992, 0.0],
                [1, 0.0, 0.0, 0.0, 0.0, 0.996, 0.093, 0.616, 0.0, 0.093, 0.996, 0.0],
                [1, 0.0, 0.0, 0.0, 0.0, 0.996, 0.088, 0.616, 0.0, 0.088, 0.996, 0.0],
                [1, 0.0, 0.0, 0.0, 0.0, 0.993, -0.117, 0.616, 0.0, 0.117, 0.993, 0.0],
                [1, 0.0, 0.0, 0.0, 0.0, 0.993, -0.119, 0.616, 0.0, 0.119, 0.993, 0.0]
            ]
        },
        {
            "name": "neck_tail_3",
            "time": [0.0, 0.65, 0.95, 1.1, 1.233, 1.433, 1.617, 2.417, 3.183],
            "transform": [[1.0, 0.0, 0.0, 0.0, 0.0, 1, 0.03, 0.625, 0.0, 0.03, 1, 0.0],
                [1.0, 0.0, 0.0, 0.0, 0.0, 0.981, -0.196, 0.625, 0.0, 0.196, 0.981, 0.0],
                [1.0, 0.0, 0.0, 0.0, 0.0, 0.969, -0.245, 0.625, 0.0, 0.245, 0.969, 0.0],
                [1.0, 0.0, 0.0, 0.0, 0.0, 0.998, 0.064, 0.625, 0.0, 0.064, 0.998, 0.0],
                [1.0, 0.0, 0.0, 0.0, 0.0, 0.994, -0.11, 0.625, 0.0, 0.11, 0.994, 0.0],
                [1.0, 0.0, 0.0, 0.0, 0.0, 0.995, -0.102, 0.625, 0.0, 0.102, 0.995, 0.0],
                [1.0, 0.0, 0.0, 0.0, 0.0, 0.995, -0.101, 0.625, 0.0, 0.101, 0.995, 0.0],
                [1.0, 0.0, 0.0, 0.0, 0.0, 0.992, -0.123, 0.625, 0.0, 0.123, 0.992, 0.0],
                [1.0, 0.0, 0.0, 0.0, 0.0, 0.992, -0.124, 0.625, 0.0, 0.124, 0.992, 0.0]
            ]
        },
        {
            "name": "neck_tail_4",
            "time": [0.0, 0.65, 0.95, 1.1, 1.233, 1.433, 1.617, 2.417, 3.183],
            "transform": [[1.0, 0.0, 0.0, 0.0, 0.0, 1, 0.005, 0.626, 0.0, 0.005, 1, 0.0],
                [1.0, 0.0, 0.0, 0.0, 0.0, 0.987, -0.163, 0.626, 0.0, 0.163, 0.987, 0.0],
                [1.0, 0.0, 0.0, 0.0, 0.0, 0.977, -0.214, 0.626, 0.0, 0.214, 0.977, 0.0],
                [1.0, 0.0, 0.0, 0.0, 0.0, 0.996, 0.09, 0.626, 0.0, 0.09, 0.996, 0.0],
                [1.0, 0.0, 0.0, 0.0, 0.0, 0.995, 0.097, 0.626, 0.0, 0.097, 0.995, 0.0],
                [1.0, 0.0, 0.0, 0.0, 0.0, 0.995, -0.104, 0.626, 0.0, 0.104, 0.995, 0.0],
                [1.0, 0.0, 0.0, 0.0, 0.0, 0.994, -0.106, 0.626, 0.0, 0.106, 0.994, 0.0],
                [1.0, 0.0, 0.0, 0.0, 0.0, 0.993, -0.122, 0.626, 0.0, 0.122, 0.993, 0.0],
                [1.0, 0.0, 0.0, 0.0, 0.0, 0.992, -0.123, 0.626, 0.0, 0.123, 0.992, 0.0]
            ]
        },
        {
            "name": "neck_tail_5",
            "time": [0.0, 0.65, 0.95, 1.1, 1.233, 1.433, 1.617, 2.417, 3.183],
            "transform": [[1.0, 0.0, 0.0, 0.0, 0.0, 1, 0.03, 0.625, 0.0, 0.03, 1, 0.0],
                [1.0, 0.0, 0.0, 0.0, 0.0, 0.991, -0.135, 0.625, 0.0, 0.135, 0.991, 0.0],
                [1.0, 0.0, 0.0, 0.0, 0.0, 0.982, -0.186, 0.625, 0.0, 0.186, 0.982, 0.0],
                [1.0, 0.0, 0.0, 0.0, 0.0, 0.994, -0.11, 0.625, 0.0, 0.11, 0.994, 0.0],
                [1.0, 0.0, 0.0, 0.0, 0.0, 0.996, 0.086, 0.625, 0.0, 0.086, 0.996, 0.0],
                [1.0, 0.0, 0.0, 0.0, 0.0, 0.995, -0.1, 0.625, 0.0, 0.1, 0.995, 0.0],
                [1.0, 0.0, 0.0, 0.0, 0.0, 0.995, -0.104, 0.625, 0.0, 0.104, 0.995, 0.0],
                [1.0, 0.0, 0.0, 0.0, 0.0, 0.993, -0.115, 0.625, 0.0, 0.115, 0.993, 0.0],
                [1.0, 0.0, 0.0, 0.0, 0.0, 0.993, -0.116, 0.625, 0.0, 0.116, 0.993, 0.0]
            ]
        },
        {
            "name": "neck_tail_6",
            "time": [0.0, 0.65, 0.95, 1.1, 1.233, 1.433, 1.617, 2.417, 3.183],
            "transform": [[1.0, 0.0, 0.0, 0.0, 0.0, 1.0, 0.047, 0.623, 0.0, 0.047, 1.0, 0.0],
                [1.0, 0.0, 0.0, 0.0, 0.0, 0.994, -0.112, 0.623, 0.0, 0.112, 0.994, 0.0],
                [1.0, 0.0, 0.0, 0.0, 0.0, 0.987, -0.16, 0.623, 0.0, 0.16, 0.987, 0.0],
                [1.0, 0.0, 0.0, 0.0, 0.0, 0.993, -0.122, 0.623, 0.0, 0.122, 0.993, 0.0],
                [1.0, 0.0, 0.0, 0.0, 0.0, 0.997, 0.074, 0.623, 0.0, 0.074, 0.997, 0.0],
                [1.0, 0.0, 0.0, 0.0, 0.0, 0.996, 0.093, 0.623, 0.0, 0.093, 0.996, 0.0],
                [1.0, 0.0, 0.0, 0.0, 0.0, 0.995, 0.097, 0.623, 0.0, 0.097, 0.995, 0.0],
                [1.0, 0.0, 0.0, 0.0, 0.0, 0.995, -0.104, 0.623, 0.0, 0.104, 0.995, 0.0],
                [1.0, 0.0, 0.0, 0.0, 0.0, 0.995, -0.105, 0.623, 0.0, 0.105, 0.995, 0.0]
            ]
        },
        {
            "name": "neck_tail_7",
            "time": [0.0, 0.65, 0.95, 1.1, 1.233, 1.433, 1.617, 2.417, 3.183],
            "transform": [[1.0, 0.0, 0.0, 0.0, 0.0, 0.998, 0.056, 0.625, 0.0, 0.056, 0.998, 0.0],
                [1.0, 0.0, 0.0, 0.0, 0.0, 0.996, 0.091, 0.625, 0.0, 0.091, 0.996, 0.0],
                [1.0, 0.0, 0.0, 0.0, 0.0, 0.991, -0.134, 0.625, 0.0, 0.134, 0.991, 0.0],
                [1.0, 0.0, 0.0, 0.0, 0.0, 0.992, -0.125, 0.625, 0.0, 0.125, 0.992, 0.0],
                [1.0, 0.0, 0.0, 0.0, 0.0, 0.998, 0.064, 0.625, 0.0, 0.064, 0.998, 0.0],
                [1.0, 0.0, 0.0, 0.0, 0.0, 0.997, 0.083, 0.625, 0.0, 0.083, 0.997, 0.0],
                [1.0, 0.0, 0.0, 0.0, 0.0, 0.996, 0.087, 0.625, 0.0, 0.087, 0.996, 0.0],
                [1.0, 0.0, 0.0, 0.0, 0.0, 0.996, 0.091, 0.625, 0.0, 0.091, 0.996, 0.0],
                [1.0, 0.0, 0.0, 0.0, 0.0, 0.996, 0.091, 0.625, 0.0, 0.091, 0.996, 0.0]
            ]
        },
        {
            "name": "neck_tail_8",
            "time": [0.0, 0.65, 0.95, 1.1, 1.233, 1.433, 1.617, 2.417, 3.183],
            "transform": [[1.0, 0.0, 0.0, 0.0, 0.0, 0.998, 0.058, 0.625, 0.0, 0.058, 0.998, 0.0],
                [1.0, 0.0, 0.0, 0.0, 0.0, 0.997, 0.073, 0.625, 0.0, 0.073, 0.997, 0.0],
                [1.0, 0.0, 0.0, 0.0, 0.0, 0.994, -0.11, 0.625, 0.0, 0.11, 0.994, 0.0],
                [1.0, 0.0, 0.0, 0.0, 0.0, 0.993, -0.12, 0.625, 0.0, 0.12, 0.993, 0.0],
                [1.0, 0.0, 0.0, 0.0, 0.0, 1.0, 0.053, 0.625, 0.0, 0.053, 1.0, 0.0],
                [1.0, 0.0, 0.0, 0.0, 0.0, 0.997, 0.071, 0.625, 0.0, 0.071, 0.997, 0.0],
                [1.0, 0.0, 0.0, 0.0, 0.0, 0.997, 0.074, 0.625, 0.0, 0.074, 0.997, 0.0],
                [1.0, 0.0, 0.0, 0.0, 0.0, 0.997, 0.076, 0.625, 0.0, 0.076, 0.997, 0.0],
                [1.0, 0.0, 0.0, 0.0, 0.0, 0.997, 0.076, 0.625, 0.0, 0.076, 0.997, 0.0]
            ]
        },
        {
            "name": "neck_tail_9",
            "time": [0.0, 0.65, 0.95, 1.1, 1.233, 1.433, 1.617, 2.417, 3.183],
            "transform": [[1.0, 0.0, 0.0, 0.0, 0.0, 1.0, 0.054, 0.625, 0.0, 0.054, 1.0, 0.0],
                [1.0, 0.0, 0.0, 0.0, 0.0, 0.998, 0.057, 0.625, 0.0, 0.057, 0.998, 0.0],
                [1.0, 0.0, 0.0, 0.0, 0.0, 0.996, 0.087, 0.625, 0.0, 0.087, 0.996, 0.0],
                [1.0, 0.0, 0.0, 0.0, 0.0, 0.994, -0.107, 0.625, 0.0, 0.107, 0.994, 0.0],
                [1.0, 0.0, 0.0, 0.0, 0.0, 1.0, 0.042, 0.625, 0.0, 0.042, 1.0, 0.0],
                [1.0, 0.0, 0.0, 0.0, 0.0, 0.998, 0.058, 0.625, 0.0, 0.058, 0.998, 0.0],
                [1.0, 0.0, 0.0, 0.0, 0.0, 0.998, 0.06, 0.625, 0.0, 0.06, 0.998, 0.0],
                [1.0, 0.0, 0.0, 0.0, 0.0, 0.998, 0.061, 0.625, 0.0, 0.061, 0.998, 0.0],
                [1.0, 0.0, 0.0, 0.0, 0.0, 0.998, 0.061, 0.625, 0.0, 0.061, 0.998, 0.0]
            ]
        },
        {
            "name": "neck_tail_10",
            "time": [0.0, 0.65, 0.95, 1.1, 1.233, 1.433, 1.617, 2.417, 3.183],
            "transform": [[1.0, 0.0, 0.0, 0.0, 0.0, 1.0, 0.045, 0.626, 0.0, 0.045, 1.0, 0.0],
                [1.0, 0.0, 0.0, 0.0, 0.0, 1.0, 0.042, 0.626, 0.0, 0.042, 1.0, 0.0],
                [1.0, 0.0, 0.0, 0.0, 0.0, 0.998, 0.065, 0.626, 0.0, 0.065, 0.998, 0.0],
                [1.0, 0.0, 0.0, 0.0, 0.0, 0.996, 0.087, 0.626, 0.0, 0.087, 0.996, 0.0],
                [1.0, 0.0, 0.0, 0.0, 0.0, 1.0, 0.032, 0.626, 0.0, 0.032, 1.0, 0.0],
                [1.0, 0.0, 0.0, 0.0, 0.0, 1.0, 0.044, 0.626, 0.0, 0.044, 1.0, 0.0],
                [1.0, 0.0, 0.0, 0.0, 0.0, 1.0, 0.045, 0.626, 0.0, 0.045, 1.0, 0.0],
                [1.0, 0.0, 0.0, 0.0, 0.0, 1.0, 0.045, 0.626, 0.0, 0.045, 1.0, 0.0],
                [1.0, 0.0, 0.0, 0.0, 0.0, 1.0, 0.045, 0.626, 0.0, 0.045, 1.0, 0.0]
            ]
        },
        {
            "name": "neck_tail_11",
            "time": [0.0, 0.65, 0.95, 1.1, 1.233, 1.433, 1.617, 2.417, 3.183],
            "transform": [[1.0, 0.0, 0.0, 0.0, 0.0, 1.0, 0.032, 0.625, 0.0, 0.032, 1.0, 0.0],
                [1.0, 0.0, 0.0, 0.0, 0.0, 1, 0.027, 0.625, 0.0, 0.027, 1, 0.0],
                [1.0, 0.0, 0.0, 0.0, 0.0, 1.0, 0.043, 0.625, 0.0, 0.043, 1.0, 0.0],
                [1.0, 0.0, 0.0, 0.0, 0.0, 0.998, 0.061, 0.625, 0.0, 0.061, 0.998, 0.0],
                [1.0, 0.0, 0.0, 0.0, 0.0, 1, 0.021, 0.625, 0.0, 0.021, 1, 0.0],
                [1.0, 0.0, 0.0, 0.0, 0.0, 1, 0.029, 0.625, 0.0, 0.029, 1, 0.0],
                [1.0, 0.0, 0.0, 0.0, 0.0, 1, 0.03, 0.625, 0.0, 0.03, 1, 0.0],
                [1.0, 0.0, 0.0, 0.0, 0.0, 1, 0.03, 0.625, 0.0, 0.03, 1, 0.0],
                [1.0, 0.0, 0.0, 0.0, 0.0, 1, 0.03, 0.625, 0.0, 0.03, 1, 0.0]
            ]
        },
        {
            "name": "neck_tail_12",
            "time": [0.0, 0.65, 0.95, 1.1, 1.233, 1.433, 1.617, 2.417, 3.183],
            "transform": [[1.0, 0.0, 0.0, 0.0, 0.0, 1, 0.017, 0.625, 0.0, 0.017, 1, 0.0],
                [1.0, 0.0, 0.0, 0.0, 0.0, 1, 0.014, 0.625, 0.0, 0.014, 1, 0.0],
                [1.0, 0.0, 0.0, 0.0, 0.0, 1, 0.021, 0.625, 0.0, 0.021, 1, 0.0],
                [1.0, 0.0, 0.0, 0.0, 0.0, 1, 0.031, 0.625, 0.0, 0.031, 1, 0.0],
                [1.0, 0.0, 0.0, 0.0, 0.0, 1, 0.011, 0.625, 0.0, 0.011, 1, 0.0],
                [1.0, 0.0, 0.0, 0.0, 0.0, 1, 0.015, 0.625, 0.0, 0.015, 1, 0.0],
                [1.0, 0.0, 0.0, 0.0, 0.0, 1, 0.015, 0.625, 0.0, 0.015, 1, 0.0],
                [1.0, 0.0, 0.0, 0.0, 0.0, 1, 0.015, 0.625, 0.0, 0.015, 1, 0.0],
                [1.0, 0.0, 0.0, 0.0, 0.0, 1, 0.015, 0.625, 0.0, 0.015, 1, 0.0]
            ]
        },
        {
            "name": "right_front_leg",
            "time": [0.0, 0.65, 0.95, 1.1, 1.167, 1.233, 1.433, 1.617, 2.1, 2.417, 3.183],
            "transform": [[1.0, 0.0, 0.0, 0.75, 0.0, -0.868, -0.496, 2.917, 0.0, 0.496, -0.868, -0.176],
                [0.237, 0.131, -0.963, 0.75, 0.954, 0.155, 0.256, 2.917, 0.182, -0.979, 0.088, -0.176],
                [0.998, 0.011, 0.055, 0.75, 0.052, 0.167, 0.985, 2.917, 0.02, -0.986, 0.166, -0.176],
                [0.998, 0.023, 0.058, 0.75, 0.058, 0.002, 0.998, 2.917, 0.023, -1, 0.001, -0.176],
                [1, 0.015, -0, 0.75, 0.009, -0.59, 0.807, 2.917, 0.012, -0.807, -0.59, -0.176],
                [1.0, 0.033, 0.009, 0.75, 0.03, -0.732, 0.68, 2.917, 0.016, -0.68, -0.733, -0.176],
                [0.952, 0.302, 0.044, 0.75, 0.305, -0.939, 0.159, 2.917, 0.007, -0.165, -0.986, -0.176],
                [0.887, 0.459, 0.038, 0.75, 0.46, -0.88, 0.117, 2.917, 0.02, -0.121, -0.992, -0.176],
                [0.97, 0.241, 0.04, 0.75, 0.194, -0.858, 0.475, 2.917, 0.149, -0.453, -0.879, -0.176],
                [0.983, 0.186, 0.014, 0.75, 0.14, -0.788, 0.599, 2.917, 0.123, -0.586, -0.801, -0.176],
                [0.987, 0.159, 0.001, 0.75, 0.119, -0.745, 0.657, 2.917, 0.105, -0.648, -0.754, -0.176]
            ]
        },
        {
            "name": "right_front_leg_tip",
            "time": [0.0, 0.65, 0.95, 1.1, 1.167, 1.233, 1.433, 1.617, 2.1, 2.417, 3.183],
            "transform": [[1.0, 0.0, 0.0, 0.0, 0.0, -0.442, -0.897, 1.253, 0.0, 0.897, -0.442, 0.0],
                [0.985, -0.142, 0.101, 0.0, 0.168, 0.93, -0.326, 1.253, 0.047, 0.338, 0.94, 0.0],
                [1.0, 0.038, 0.026, 0.0, 0.041, 0.994, 0.103, 1.253, 0.022, -0.104, 0.994, 0.0],
                [0.998, 0.037, 0.047, 0.0, 0.037, 1.0, 0.004, 1.253, 0.047, 0.005, 1.0, 0.0],
                [1, 0.011, 0.005, 0.0, 0.009, 0.395, -0.919, 1.253, 0.008, 0.919, 0.395, 0.0],
                [1, 0.008, 0.008, 0.0, 0.009, 0.088, -0.996, 1.253, 0.008, 0.996, 0.088, 0.0],
                [1.0, 0.044, 0.024, 0.0, -0, -0.478, -0.878, 1.253, 0.05, 0.877, -0.477, 0.0],
                [0.983, -0.106, 0.152, 0.0, 0.079, -0.502, -0.862, 1.253, 0.168, 0.859, -0.484, 0.0],
                [0.964, -0.137, 0.23, 0.0, 0.176, -0.321, -0.931, 1.253, 0.201, 0.937, -0.285, 0.0],
                [0.979, -0.182, 0.094, 0.0, 0.132, 0.208, -0.969, 1.253, 0.157, 0.961, 0.227, 0.0],
                [0.984, -0.172, 0.051, 0.0, 0.118, 0.409, -0.905, 1.253, 0.135, 0.896, 0.422, 0.0]
            ]
        },
        {
            "name": "right_front_foot",
            "time": [0.0, 0.65, 0.95, 1.1, 1.167, 1.233, 1.433, 1.617, 2.1, 2.417, 3.183],
            "transform": [[1.0, 0.0, 0.0, 0.0, 0.0, 0.517, -0.856, 1.489, 0.0, 0.856, 0.517, 0.0],
                [0.996, 0.078, 0.043, 0.0, 0.088, 0.92, -0.381, 1.489, 0.009, 0.384, 0.923, 0.0],
                [0.993, 0.082, 0.079, 0.0, 0.069, 0.12, -0.99, 1.489, 0.091, 0.989, 0.114, 0.0],
                [0.995, 0.101, 0.024, 0.0, 0.015, 0.089, -0.996, 1.489, -0.102, 0.991, 0.087, 0.0],
                [1, 0.01, 0.026, 0.0, 0.02, 0.433, -0.901, 1.489, 0.02, 0.902, 0.432, 0.0],
                [1.0, 0.035, 0.026, 0.0, 0.003, 0.54, -0.842, 1.489, 0.044, 0.841, 0.539, 0.0],
                [0.95, 0.3, 0.089, 0.0, -0.215, 0.421, -0.881, 1.489, -0.227, 0.856, 0.464, 0.0],
                [0.903, 0.363, -0.231, 0.0, -0.355, 0.323, -0.877, 1.489, -0.244, 0.874, 0.42, 0.0],
                [0.985, 0.121, -0.123, 0.0, -0.172, 0.629, -0.758, 1.489, 0.014, 0.768, 0.64, 0.0],
                [0.989, 0.127, 0.082, 0.0, -0.122, 0.358, -0.926, 1.489, 0.088, 0.925, 0.369, 0.0],
                [0.99, 0.115, 0.08, 0.0, -0.107, 0.248, -0.963, 1.489, 0.091, 0.962, 0.258, 0.0]
            ]
        },
        {
            "name": "left_front_leg",
            "time": [0.0, 0.65, 0.95, 1.1, 1.167, 1.233, 1.433, 1.617, 2.1, 2.417, 3.183],
            "transform": [[1.0, 0.0, 0.0, -0.75, 0.0, -0.868, -0.496, 2.917, 0.0, 0.496, -0.868, -0.176],
                [0.205, -0.17, 0.964, -0.75, -0.957, 0.171, 0.234, 2.917, -0.205, -0.97, -0.128, -0.176],
                [0.996, 0.039, 0.075, -0.75, 0.068, 0.167, 0.984, 2.917, 0.05, -0.985, 0.163, -0.176],
                [0.992, 0.079, 0.097, -0.75, 0.097, 0.002, 0.995, 2.917, 0.079, -0.997, 0.006, -0.176],
                [1, 0.015, -0, -0.75, 0.009, -0.591, 0.807, 2.917, 0.012, -0.807, -0.591, -0.176],
                [1, 0.005, 0.016, -0.75, 0.015, -0.733, 0.68, 2.917, 0.009, -0.68, -0.733, -0.176],
                [0.955, -0.288, 0.071, -0.75, -0.296, -0.94, 0.169, 2.917, 0.019, -0.183, -0.983, -0.176],
                [0.897, -0.437, 0.068, -0.75, -0.443, -0.887, 0.131, 2.917, 0.003, -0.148, -0.989, -0.176],
                [0.945, -0.312, 0.097, -0.75, -0.22, -0.826, 0.518, 2.917, -0.242, -0.468, -0.85, -0.176],
                [0.969, -0.244, 0.033, -0.75, -0.171, -0.762, 0.625, 2.917, -0.178, -0.6, -0.78, -0.176],
                [0.979, -0.205, 0.009, -0.75, -0.145, -0.723, 0.676, 2.917, -0.146, -0.66, -0.737, -0.176]
            ]
        },
        {
            "name": "left_front_leg_tip",
            "time": [0.0, 0.65, 0.95, 1.1, 1.167, 1.233, 1.433, 1.617, 2.1, 2.417, 3.183],
            "transform": [[1.0, 0.0, 0.0, 0.0, 0.0, -0.442, -0.897, 1.253, 0.0, 0.897, -0.442, 0.0],
                [0.987, 0.124, -0.102, 0.0, -0.154, 0.917, -0.369, 1.253, 0.048, 0.38, 0.924, 0.0],
                [0.998, 0.056, 0.039, 0.0, 0.06, 0.993, 0.1, 1.253, 0.033, -0.102, 0.994, 0.0],
                [0.996, 0.068, 0.063, 0.0, 0.068, 0.998, 0.002, 1.253, 0.063, 0.003, 0.998, 0.0],
                [1, 0.011, 0.005, 0.0, 0.009, 0.392, -0.92, 1.253, 0.008, 0.92, 0.392, 0.0],
                [1, 0.018, 0.01, 0.0, 0.011, 0.086, -0.996, 1.253, 0.017, 0.996, 0.086, 0.0],
                [0.995, 0.075, 0.06, 0.0, 0.016, -0.48, -0.877, 1.253, 0.094, 0.874, -0.477, 0.0],
                [0.973, 0.133, -0.19, 0.0, 0.098, -0.504, -0.858, 1.253, -0.21, 0.854, -0.477, 0.0],
                [0.836, 0.295, -0.462, 0.0, -0.368, -0.323, -0.872, 1.253, -0.407, 0.899, -0.161, 0.0],
                [0.925, 0.326, -0.195, 0.0, -0.271, 0.205, -0.941, 1.253, -0.267, 0.923, 0.277, 0.0],
                [0.946, 0.301, -0.118, 0.0, -0.239, 0.405, -0.882, 1.253, -0.217, 0.863, 0.455, 0.0]
            ]
        },
        {
            "name": "left_front_foot",
            "time": [0.0, 0.65, 0.95, 1.1, 1.167, 1.233, 1.433, 1.617, 2.1, 2.417, 3.183],
            "transform": [[1.0, 0.0, 0.0, 0.0, 0.0, 0.517, -0.856, 1.489, 0.0, 0.856, 0.517, 0.0],
                [1.0, 0.038, 0.004, 0.0, 0.03, 0.838, -0.544, 1.489, 0.024, 0.544, 0.839, 0.0],
                [0.977, -0.142, -0.161, 0.0, -0.145, 0.119, -0.982, 1.489, 0.158, 0.983, 0.096, 0.0],
                [0.987, -0.159, 0.001, 0.0, 0.016, 0.095, -0.995, 1.489, 0.158, 0.983, 0.096, 0.0],
                [1, 0.01, 0.021, 0.0, 0.015, 0.431, -0.902, 1.489, 0.018, 0.902, 0.431, 0.0],
                [1.0, 0.016, 0.03, 0.0, 0.033, 0.544, -0.839, 1.489, 0.003, 0.839, 0.544, 0.0],
                [0.948, -0.271, 0.165, 0.0, 0.272, 0.425, -0.863, 1.489, 0.164, 0.864, 0.477, 0.0],
                [0.901, -0.318, 0.296, 0.0, 0.399, 0.337, -0.853, 1.489, 0.171, 0.886, 0.431, 0.0],
                [0.945, 0.06, 0.321, 0.0, 0.29, 0.608, -0.74, 1.489, -0.151, 0.792, 0.592, 0.0],
                [0.973, -0.112, 0.202, 0.0, 0.229, 0.336, -0.914, 1.489, 0.034, 0.935, 0.352, 0.0],
                [0.975, -0.108, 0.193, 0.0, 0.213, 0.225, -0.951, 1.489, 0.059, 0.968, 0.242, 0.0]
            ]
        },
        {
            "name": "right_wing",
            "time": [0.0, 0.433, 0.5, 0.65, 0.95, 1.1, 1.617, 2.417, 3.183],
            "transform": [[-0.14, 0.423, -0.895, 0.75, -0.977, 0.086, 0.194, 2.861, 0.159, 0.902, 0.401, 0.745],
                [0.107, 0.739, 0.665, 0.75, -0.989, 0.007, 0.151, 2.861, 0.107, -0.673, 0.732, 0.745],
                [0.179, 0.526, 0.832, 0.75, -0.982, 0.045, 0.183, 2.861, 0.058, -0.849, 0.524, 0.745],
                [0.166, 0.828, 0.536, 0.75, -0.985, 0.161, 0.057, 2.861, 0.039, -0.538, 0.842, 0.745],
                [-0.107, 0.605, -0.789, 0.75, -0.978, 0.079, 0.193, 2.861, 0.179, 0.792, 0.583, 0.745],
                [-0.119, 0.576, -0.809, 0.75, -0.976, 0.079, 0.201, 2.861, 0.18, 0.814, 0.553, 0.745],
                [0.117, 0.958, -0.262, 0.75, -0.989, 0.136, 0.059, 2.861, 0.092, 0.252, 0.963, 0.745],
                [0.1, 0.893, -0.438, 0.75, -0.995, 0.102, 0.018, 2.861, 0.028, 0.438, 0.899, 0.745],
                [0.1, 0.893, -0.438, 0.75, -0.995, 0.102, 0.018, 2.861, 0.028, 0.438, 0.899, 0.745]
            ]
        },
        {
            "name": "right_wing_tip",
            "time": [0.0, 0.65, 0.95, 1.1, 1.617, 2.1, 2.417, 3.183],
            "transform": [[1, 0, 0.001, 0.0, 0.001, 0.809, -0.588, 3.5, 0.001, 0.588, 0.809, 0.0],
                [1, 0.006, 0.021, 0.0, 0.011, 0.713, 0.701, 3.5, 0.019, -0.701, 0.713, 0.0],
                [1, -0, 0.003, 0.0, 0.001, 0.896, -0.445, 3.5, 0.003, 0.445, 0.896, 0.0],
                [1, -0, 0.003, 0.0, 0.001, 0.874, -0.485, 3.5, 0.003, 0.485, 0.874, 0.0],
                [1, -0, 0.003, 0.0, 0.003, 0.7, 0.714, 3.5, 0.002, -0.714, 0.7, 0.0],
                [1, -0, 0.003, 0.0, 0.003, 0.608, 0.794, 3.5, 0.002, -0.794, 0.608, 0.0],
                [1, -0, 0.003, 0.0, 0.003, 0.7, 0.714, 3.5, 0.002, -0.714, 0.7, 0.0],
                [1, 0.002, 0.003, 0.0, 0.003, 0.843, 0.538, 3.5, 0.002, -0.538, 0.843, 0.0]
            ]
        },
        {
            "name": "left_wing",
            "time": [0.0, 0.433, 0.5, 0.65, 0.95, 1.1, 1.617, 2.417, 3.183],
            "transform": [[-0.166, -0.429, 0.888, -0.751, 0.973, 0.075, 0.218, 2.861, -0.16, 0.9, 0.405, 0.745],
                [0.178, -0.72, -0.671, -0.751, 0.984, 0.118, 0.134, 2.861, 0.017, -0.684, 0.729, 0.745],
                [0.179, -0.529, -0.829, -0.751, 0.983, 0.057, 0.176, 2.861, 0.046, -0.847, 0.53, 0.745],
                [0.171, -0.806, -0.567, -0.751, 0.983, 0.178, 0.042, 2.861, 0.067, -0.564, 0.823, 0.745],
                [-0.111, -0.61, 0.784, -0.751, 0.977, 0.079, 0.2, 2.861, -0.184, 0.788, 0.587, 0.745],
                [-0.125, -0.58, 0.805, -0.751, 0.975, 0.08, 0.209, 2.861, -0.185, 0.811, 0.555, 0.745],
                [0.111, -0.954, 0.278, -0.751, 0.986, 0.14, 0.087, 2.861, -0.122, 0.264, 0.957, 0.745],
                [0.093, -0.893, 0.44, -0.751, 0.994, 0.105, 0.003, 2.861, 0.049, 0.437, 0.898, 0.745],
                [0.093, -0.893, 0.44, -0.751, 0.994, 0.105, 0.003, 2.861, 0.049, 0.437, 0.898, 0.745]
            ]
        },
        {
            "name": "left_wing_tip",
            "time": [0.0, 0.65, 0.95, 1.1, 1.617, 2.1, 2.417, 3.183],
            "transform": [[1.0, 0.02, 0.025, 0.0, 0.001, 0.793, -0.609, 3.5, 0.032, 0.609, 0.792, 0.0],
                [1, 0.009, 0.01, 0.0, 0.013, 0.726, 0.688, 3.5, 0.001, -0.688, 0.726, 0.0],
                [1, 0.018, 0.024, 0.0, 0.005, 0.883, -0.47, 3.5, 0.03, 0.469, 0.882, 0.0],
                [1, 0.019, 0.024, 0.0, 0.004, 0.86, -0.51, 3.5, 0.03, 0.509, 0.86, 0.0],
                [1, 0.002, 0.006, 0.0, 0.003, 0.679, 0.735, 3.5, 0.005, -0.735, 0.678, 0.0],
                [1, 0.002, 0.006, 0.0, 0.004, 0.584, 0.812, 3.5, 0.005, -0.812, 0.584, 0.0],
                [1, 0.002, 0.006, 0.0, 0.003, 0.679, 0.735, 3.5, 0.005, -0.735, 0.678, 0.0],
                [1, 0.001, 0.006, 0.0, 0.002, 0.835, 0.55, 3.5, 0.006, -0.55, 0.835, 0.0]
            ]
        },
        {
            "name": "neck",
            "time": [0.0, 0.65, 0.95, 1.1, 1.233, 1.433, 1.617, 2.417, 3.183],
            "transform": [[1.0, 0.0, 0.0, 0.0, 0.0, 0.947, 0.322, 3.494, 0.0, -0.322, 0.947, 0.0],
                [1.0, 0.0, 0.0, 0.0, 0.0, 0.634, -0.774, 3.494, 0.0, 0.774, 0.634, 0.0],
                [1.0, 0.0, 0.0, 0.0, 0.0, 0.812, -0.584, 3.494, 0.0, 0.584, 0.812, 0.0],
                [1.0, 0.0, 0.0, 0.0, 0.0, 0.947, 0.32, 3.494, 0.0, -0.32, 0.947, 0.0],
                [1.0, 0.0, 0.0, 0.0, 0.0, 0.947, 0.32, 3.494, 0.0, -0.32, 0.947, 0.0],
                [1.0, 0.0, 0.0, 0.0, 0.0, 0.947, 0.32, 3.494, 0.0, -0.32, 0.947, 0.0],
                [1.0, 0.0, 0.0, 0.0, 0.0, 0.947, 0.32, 3.494, 0.0, -0.32, 0.947, 0.0],
                [1.0, 0.0, 0.0, 0.0, 0.0, 0.947, 0.32, 3.494, 0.0, -0.32, 0.947, 0.0],
                [1.0, 0.0, 0.0, 0.0, 0.0, 0.947, 0.32, 3.494, 0.0, -0.32, 0.947, 0.0]
            ]
        },
        {
            "name": "neck2",
            "time": [0.0, 0.65, 0.95, 1.1, 1.233, 1.433, 1.617, 2.417, 3.183],
            "transform": [[1.0, 0.0, 0.0, 0.0, 0.0, 1.0, 0.044, 0.624, 0.0, 0.044, 1.0, 0.0],
                [1.0, 0.0, 0.0, 0.0, 0.0, 0.906, 0.424, 0.624, 0.0, -0.424, 0.906, 0.0],
                [1.0, 0.0, 0.0, 0.0, 0.0, 1, 0.03, 0.624, 0.0, 0.03, 1, 0.0],
                [1.0, 0.0, 0.0, 0.0, 0.0, 0.971, -0.238, 0.624, 0.0, 0.238, 0.971, 0.0],
                [1.0, 0.0, 0.0, 0.0, 0.0, 0.971, -0.238, 0.624, 0.0, 0.238, 0.971, 0.0],
                [1.0, 0.0, 0.0, 0.0, 0.0, 0.971, -0.238, 0.624, 0.0, 0.238, 0.971, 0.0],
                [1.0, 0.0, 0.0, 0.0, 0.0, 0.971, -0.238, 0.624, 0.0, 0.238, 0.971, 0.0],
                [1.0, 0.0, 0.0, 0.0, 0.0, 0.971, -0.238, 0.624, 0.0, 0.238, 0.971, 0.0],
                [1.0, 0.0, 0.0, 0.0, 0.0, 0.971, -0.238, 0.624, 0.0, 0.238, 0.971, 0.0]
            ]
        },
        {
            "name": "neck3",
            "time": [0.0, 0.65, 0.95, 1.1, 1.233, 1.433, 1.617, 3.183],
            "transform": [[1.0, 0.0, 0.0, 0.0, 0.0, 0.986, -0.165, 0.627, 0.0, 0.165, 0.986, 0.0],
                [1.0, 0.0, 0.0, 0.0, 0.0, 0.822, 0.57, 0.627, 0.0, -0.57, 0.822, 0.0],
                [1.0, 0.0, 0.0, 0.0, 0.0, 0.978, 0.208, 0.627, 0.0, -0.208, 0.978, 0.0],
                [1.0, 0.0, 0.0, 0.0, 0.0, 0.989, -0.149, 0.627, 0.0, 0.149, 0.989, 0.0],
                [1.0, 0.0, 0.0, 0.0, 0.0, 0.989, -0.149, 0.627, 0.0, 0.149, 0.989, 0.0],
                [1.0, 0.0, 0.0, 0.0, 0.0, 0.989, -0.149, 0.627, 0.0, 0.149, 0.989, 0.0],
                [1.0, 0.0, 0.0, 0.0, 0.0, 0.989, -0.149, 0.627, 0.0, 0.149, 0.989, 0.0],
                [1.0, 0.0, 0.0, 0.0, 0.0, 0.989, -0.149, 0.627, 0.0, 0.149, 0.989, 0.0]
            ]
        },
        {
            "name": "neck4",
            "time": [0.0, 0.65, 0.95, 1.1, 1.233, 1.433, 1.617, 2.417, 3.183],
            "transform": [[1.0, 0.0, 0.0, 0.0, 0.0, 0.982, -0.191, 0.624, 0.0, 0.191, 0.982, 0.0],
                [1.0, 0.0, 0.0, 0.0, 0.0, 0.848, 0.529, 0.624, 0.0, -0.529, 0.848, 0.0],
                [1.0, 0.0, 0.0, 0.0, 0.0, 0.967, 0.256, 0.624, 0.0, -0.256, 0.967, 0.0],
                [1.0, 0.0, 0.0, 0.0, 0.0, 0.996, 0.084, 0.624, 0.0, 0.084, 0.996, 0.0],
                [1.0, 0.0, 0.0, 0.0, 0.0, 0.996, 0.084, 0.624, 0.0, 0.084, 0.996, 0.0],
                [1.0, 0.0, 0.0, 0.0, 0.0, 0.996, 0.084, 0.624, 0.0, 0.084, 0.996, 0.0],
                [1.0, 0.0, 0.0, 0.0, 0.0, 0.996, 0.084, 0.624, 0.0, 0.084, 0.996, 0.0],
                [1.0, 0.0, 0.0, 0.0, 0.0, 0.996, 0.084, 0.624, 0.0, 0.084, 0.996, 0.0],
                [1.0, 0.0, 0.0, 0.0, 0.0, 0.996, 0.084, 0.624, 0.0, 0.084, 0.996, 0.0]
            ]
        },
        {
            "name": "neck5",
            "time": [0.0, 0.65, 0.95, 1.1, 1.433, 1.617, 3.183],
            "transform": [[1.0, 0.0, 0.0, 0.0, 0.0, 0.992, -0.124, 0.624, 0.0, 0.124, 0.992, 0.0],
                [1.0, 0.0, 0.0, 0.0, 0.0, 0.947, 0.322, 0.624, 0.0, -0.322, 0.947, 0.0],
                [1.0, 0.0, 0.0, 0.0, 0.0, 0.985, 0.172, 0.624, 0.0, -0.172, 0.985, 0.0],
                [1.0, 0.0, 0.0, 0.0, 0.0, 1.0, 0.037, 0.624, 0.0, 0.037, 1.0, 0.0],
                [1.0, 0.0, 0.0, 0.0, 0.0, 1.0, 0.037, 0.624, 0.0, 0.037, 1.0, 0.0],
                [1.0, 0.0, 0.0, 0.0, 0.0, 1.0, 0.037, 0.624, 0.0, 0.037, 1.0, 0.0],
                [1.0, 0.0, 0.0, 0.0, 0.0, 1.0, 0.037, 0.624, 0.0, 0.037, 1.0, 0.0]
            ]
        },
        {
            "name": "head",
            "time": [0.0, 0.35, 0.65, 0.95, 1.1, 1.233, 1.433, 1.617, 2.1, 2.417, 3.183],
            "transform": [[1.0, 0.0, 0.0, 0.0, 0.0, 0.998, 0.06, 0.629, 0.0, 0.06, 0.998, 0.0],
                [1.0, 0.0, 0.0, 0.0, 0.0, 0.957, 0.291, 0.629, 0.0, -0.291, 0.957, 0.0],
                [1.0, 0.0, 0.0, 0.0, 0.0, 0.914, -0.406, 0.629, 0.0, 0.406, 0.914, 0.0],
                [1.0, 0.0, 0.0, 0.0, 0.0, 1.0, 0.0, 0.629, 0.0, 0.0, 1.0, 0.0],
                [1.0, 0.0, 0.0, 0.0, 0.0, 1.0, 0.034, 0.629, 0.0, 0.034, 1.0, 0.0],
                [1.0, 0.0, 0.0, 0.0, 0.0, 0.994, 0.11, 0.629, 0.0, -0.11, 0.994, 0.0],
                [1.0, 0.0, 0.0, 0.0, 0.0, 1, 0.012, 0.629, 0.0, 0.012, 1, 0.0],
                [1.0, 0.0, 0.0, 0.0, 0.0, 1, 0.004, 0.629, 0.0, 0.004, 1, 0.0],
                [1.0, 0.0, 0.0, 0.0, 0.0, 0.985, 0.175, 0.629, 0.0, -0.175, 0.985, 0.0],
                [1.0, 0.0, 0.0, 0.0, 0.0, 0.986, 0.164, 0.629, 0.0, -0.164, 0.986, 0.0],
                [1.0, 0.0, 0.0, 0.0, 0.0, 0.988, 0.152, 0.629, 0.0, -0.152, 0.988, 0.0]
            ]
        },
        {
            "name": "upperJaw",
            "time": [0.0, 0.95, 1.1, 1.233, 1.433, 1.617, 2.417, 3.183],
            "transform": [[1.0, 0.0, 0.0, 0.001, 0.0, 1.0, 0.0, 0.873, 0.0, 0.0, 1.0, -0.25],
                [1.0, 0.0, 0.0, 0.001, 0.0, 1.0, 0.0, 0.873, 0.0, 0.0, 1.0, -0.25],
                [1.0, 0.0, 0.0, 0.001, 0.0, 1.0, 0.0, 0.873, 0.0, 0.0, 1.0, -0.25],
                [1.0, 0.0, 0.0, 0.001, 0.0, 1.0, 0.0, 0.873, 0.0, 0.0, 1.0, -0.25],
                [1.0, 0.0, 0.0, 0.001, 0.0, 1.0, 0.0, 0.873, 0.0, 0.0, 1.0, -0.25],
                [1.0, 0.0, 0.0, 0.001, 0.0, 1.0, 0.0, 0.873, 0.0, 0.0, 1.0, -0.25],
                [1.0, 0.0, 0.0, 0.001, 0.0, 1.0, 0.0, 0.873, 0.0, 0.0, 1.0, -0.25],
                [1.0, 0.0, 0.0, 0.001, 0.0, 1.0, 0.0, 0.873, 0.0, 0.0, 1.0, -0.25]
            ]
        },
        {
            "name": "jaw",
            "time": [0.0, 0.95, 1.1, 1.233, 1.433, 1.617, 2.417, 3.183],
            "transform": [[1.0, 0.0, 0.0, 0.001, 0.0, 1.0, 0.0, 0.873, 0.0, 0.0, 1.0, -0.258],
                [1.0, 0.0, 0.0, 0.001, 0.0, 1.0, 0.0, 0.873, 0.0, 0.0, 1.0, -0.258],
                [1.0, 0.0, 0.0, 0.001, 0.0, 1.0, 0.0, 0.873, 0.0, 0.0, 1.0, -0.258],
                [1.0, 0.0, 0.0, 0.001, 0.0, 1.0, 0.0, 0.873, 0.0, 0.0, 1.0, -0.258],
                [1.0, 0.0, 0.0, 0.001, 0.0, 1.0, 0.0, 0.873, 0.0, 0.0, 1.0, -0.258],
                [1.0, 0.0, 0.0, 0.001, 0.0, 1.0, 0.0, 0.873, 0.0, 0.0, 1.0, -0.258],
                [1.0, 0.0, 0.0, 0.001, 0.0, 1.0, 0.0, 0.873, 0.0, 0.0, 1.0, -0.258],
                [1.0, 0.0, 0.0, 0.001, 0.0, 1.0, 0.0, 0.873, 0.0, 0.0, 1.0, -0.258]
            ]
        }
    ]
}