{
    "animation": [
        {
            "name": "root",
            "time": [0.0, 0.15, 0.333, 0.383, 0.617, 0.85, 1.133, 1.5],
            "transform": [[1.0, 0.0, 0.0, 0.0, 0.0, 0.989, 0.148, -1.269, 0.0, -0.148, 0.989, 2.704],
                [1.0, 0.0, 0.0, 0.0, 0.0, 0.989, 0.148, -1.269, 0.0, -0.148, 0.989, 2.226],
                [1.0, 0.0, 0.0, 0.0, 0.0, 0.989, 0.148, -1.269, 0.0, -0.148, 0.989, 1.887],
                [1.0, 0.0, 0.0, 0.0, 0.0, 0.997, 0.073, -1.178, 0.0, 0.073, 0.997, 3.469],
                [1.0, 0.0, 0.0, 0.0, 0.0, 0.98, -0.197, -0.855, 0.0, 0.197, 0.98, 7.692],
                [1.0, 0.0, 0.0, 0.0, 0.0, 0.987, 0.162, -0.963, 0.0, -0.162, 0.987, 6.294],
                [1.0, 0.0, 0.0, 0.0, 0.0, 0.976, 0.216, -0.965, 0.0, -0.216, 0.976, 5.898],
                [1.0, 0.0, 0.0, 0.0, 0.0, 0.998, 0.066, -0.83, 0.0, 0.066, 0.998, 11.95]
            ]
        },
        {
            "name": "right_hind_leg",
            "time": [0.0, 0.15, 0.333, 0.383, 0.617, 1.133, 1.5],
            "transform": [[1, 0.0, 0.0, 1, 0.0, 0.94, 0.34, 0.086, 0.0, -0.34, 0.94, -0.271],
                [1, 0.0, 0.0, 1, 0.0, 0.99, 0.141, 0.086, 0.0, -0.141, 0.99, -0.271],
                [1, 0.0, 0.0, 1, 0.0, 1, 0.018, 0.086, 0.0, 0.018, 1, -0.271],
                [1, 0.0, 0.0, 1, 0.0, 0.69, 0.724, 0.086, 0.0, -0.724, 0.69, -0.271],
                [1, 0.0, 0.0, 1, 0.0, -0.102, 0.995, 0.086, 0.0, -0.995, -0.102, -0.271],
                [1, 1e-06, 0.0, 1, -1e-06, 1, 0.021, 0.086, 0.0, 0.021, 1, -0.271],
                [1, 0.0, 0.0, 1, 0.0, -0.504, 0.864, 0.086, 0.0, -0.864, -0.504, -0.271]
            ]
        },
        {
            "name": "right_hind_leg_tip",
            "time": [0.0, 0.15, 0.333, 0.383, 0.617, 1.133, 1.5],
            "transform": [[1.0, 0.0, 0.0, 0.0, 0.0, -0.32, 0.947, 1.692, 0.0, -0.947, -0.32, 0.0],
                [1.0, 0.0, 0.0, 0.0, 0.0, -0.584, 0.812, 1.692, 0.0, -0.812, -0.584, 0.0],
                [1.0, 0.0, 0.0, 0.0, 0.0, -0.735, 0.678, 1.692, 0.0, -0.678, -0.735, 0.0],
                [1.0, 0.0, 0.0, 0.0, 0.0, 0.249, 0.969, 1.692, 0.0, -0.969, 0.249, 0.0],
                [1.0, 0.0, 0.0, 0.0, 0.0, 0.903, 0.43, 1.692, 0.0, -0.43, 0.903, 0.0],
                [1.0, -1e-06, -1e-06, 0.0, 0.0, -0.304, 0.953, 1.692, -1e-06, -0.953, -0.304, 0.0],
                [1.0, 0.0, 0.0, 0.0, 0.0, 0.133, 0.991, 1.692, 0.0, -0.991, 0.133, 0.0]
            ]
        },
        {
            "name": "right_hind_foot",
            "time": [0.0, 0.15, 0.333, 0.383, 0.617, 1.133, 1.5],
            "transform": [[1.0, 0.0, 0.0, 0.0, 0.0, -0.732, -0.682, 2.16, 0.0, 0.682, -0.732, 0.0],
                [1.0, 0.0, 0.0, 0.0, 0.0, -0.795, -0.607, 2.16, 0.0, 0.607, -0.795, 0.0],
                [1.0, 0.0, 0.0, 0.0, 0.0, -0.82, -0.572, 2.16, 0.0, 0.572, -0.82, 0.0],
                [1.0, 0.0, 0.0, 0.0, 0.0, -0.595, -0.804, 2.16, 0.0, 0.804, -0.595, 0.0],
                [1.0, 0.0, 0.0, 0.0, -1e-06, 0.97, -0.245, 2.16, 0.0, 0.245, 0.97, 0.0],
                [1.0, 0.0, 0.0, 0.0, 0.0, 0.326, -0.945, 2.16, 0.0, 0.945, 0.326, 0.0],
                [1.0, 0.0, 0.0, 0.0, 0.0, 0.499, -0.867, 2.16, 0.0, 0.867, 0.499, 0.0]
            ]
        },
        {
            "name": "left_hind_leg",
            "time": [0.0, 0.15, 0.333, 0.383, 0.617, 1.133, 1.5],
            "transform": [[1, 0.0, 0.0, -1, 0.0, 0.94, 0.34, 0.086, 0.0, -0.34, 0.94, -0.271],
                [1, 0.0, 0.0, -1, 0.0, 0.99, 0.141, 0.086, 0.0, -0.141, 0.99, -0.271],
                [1, 0.0, 0.0, -1, 0.0, 1, 0.018, 0.086, 0.0, 0.018, 1, -0.271],
                [1, 0.0, 0.0, -1, 0.0, 0.69, 0.724, 0.086, 0.0, -0.724, 0.69, -0.271],
                [1, 0.0, 0.0, -1, 0.0, -0.102, 0.995, 0.086, 0.0, -0.995, -0.102, -0.271],
                [1, 0.0, 0.0, -1, 0.0, 1, 0.021, 0.086, 0.0, 0.021, 1, -0.271],
                [1, 0.0, 0.0, -1, 0.0, -0.504, 0.864, 0.086, 0.0, -0.864, -0.504, -0.271]
            ]
        },
        {
            "name": "left_hind_leg_tip",
            "time": [0.0, 0.15, 0.333, 0.383, 0.617, 1.133, 1.5],
            "transform": [[1.0, 0.0, 0.0, 0.0, 0.0, -0.32, 0.947, 1.692, 0.0, -0.947, -0.32, 0.0],
                [1.0, 0.0, 0.0, 0.0, 0.0, -0.584, 0.812, 1.692, 0.0, -0.812, -0.584, 0.0],
                [1.0, 0.0, 0.0, 0.0, 0.0, -0.735, 0.678, 1.692, 0.0, -0.678, -0.735, 0.0],
                [1.0, 0.0, 0.0, 0.0, 0.0, 0.249, 0.969, 1.692, 0.0, -0.969, 0.249, 0.0],
                [1.0, 0.0, 0.0, 0.0, 0.0, 0.903, 0.43, 1.692, 0.0, -0.43, 0.903, 0.0],
                [1.0, 0.0, 0.0, 0.0, 0.0, -0.304, 0.953, 1.692, 0.0, -0.953, -0.304, 0.0],
                [1.0, 0.0, 0.0, 0.0, 0.0, 0.133, 0.991, 1.692, 0.0, -0.991, 0.133, 0.0]
            ]
        },
        {
            "name": "left_hind_foot",
            "time": [0.0, 0.15, 0.333, 0.383, 0.617, 1.133, 1.5],
            "transform": [[1.0, 0.0, 0.0, 0.0, 0.0, -0.732, -0.682, 2.16, 0.0, 0.682, -0.732, 0.0],
                [1.0, 0.0, 0.0, 0.0, 0.0, -0.795, -0.607, 2.16, 0.0, 0.607, -0.795, 0.0],
                [1.0, 0.0, 0.0, 0.0, 0.0, -0.82, -0.572, 2.16, 0.0, 0.572, -0.82, 0.0],
                [1.0, 0.0, 0.0, 0.0, 0.0, -0.595, -0.804, 2.16, 0.0, 0.804, -0.595, 0.0],
                [1.0, 0.0, 0.0, 0.0, 0.0, 0.97, -0.245, 2.16, 0.0, 0.245, 0.97, 0.0],
                [1.0, 0.0, 0.0, 0.0, 0.0, 0.326, -0.945, 2.16, 0.0, 0.945, 0.326, 0.0],
                [1.0, 0.0, 0.0, 0.0, 0.0, 0.499, -0.867, 2.16, 0.0, 0.867, 0.499, 0.0]
            ]
        },
        {
            "name": "body",
            "time": [0.0, 0.15, 1.5],
            "transform": [[1.0, 0.0, 0.0, 0.0, 0.0, 1, 0.017, 0.274, 0.0, 0.017, 1, 0.0],
                [1.0, 0.0, 0.0, 0.0, 0.0, 1, 0.012, 0.274, 0.0, 0.012, 1, 0.0],
                [1.0, 0.0, 0.0, 0.0, 0.0, 1, 0.012, 0.274, 0.0, 0.012, 1, 0.0]
            ]
        },
        {
            "name": "neck_tail_1",
            "time": [0.0, 0.15, 0.617, 1.133, 1.5],
            "transform": [[-1.0, -1e-06, 0.0, -1e-06, 1e-06, -0.317, -0.948, -0.516, 0.0, -0.948, 0.317, 0.429],
                [-1.0, -1e-06, 0.0, -1e-06, 1e-06, -0.446, -0.895, -0.516, 0.0, -0.895, 0.446, 0.429],
                [-1.0, 0.0, 0.0, -1e-06, 0.0, -0.895, -0.446, -0.516, 0.0, -0.446, 0.895, 0.429],
                [-1.0, 0.0, 0.0, -1e-06, 1e-06, -0.763, -0.646, -0.516, 0.0, -0.646, 0.763, 0.429],
                [-1.0, 0.0, 0.0, -1e-06, 0.0, -0.895, -0.446, -0.516, 0.0, -0.446, 0.895, 0.429]
            ]
        },
        {
            "name": "neck_tail_2",
            "time": [0.0, 0.15, 0.617, 1.5],
            "transform": [[1, 0.0, 0.0, 0.0, 0.0, 0.987, -0.158, 0.616, 0.0, 0.158, 0.987, 0.0],
                [1, 0.0, 0.0, 0.0, 0.0, 0.972, -0.234, 0.616, 0.0, 0.234, 0.972, 0.0],
                [1, 0.0, 0.0, 0.0, 0.0, 0.957, 0.289, 0.616, 0.0, -0.289, 0.957, 0.0],
                [1, 0.0, 0.0, 0.0, 0.0, 0.957, 0.289, 0.616, 0.0, -0.289, 0.957, -1e-06]
            ]
        },
        {
            "name": "neck_tail_3",
            "time": [0.0, 0.15, 0.617, 1.5],
            "transform": [[1.0, 0.0, 0.0, 0.0, 0.0, 0.988, -0.152, 0.625, 0.0, 0.152, 0.988, 0.0],
                [1.0, 0.0, 0.0, 0.0, 0.0, 0.984, -0.178, 0.625, 0.0, 0.178, 0.984, 0.0],
                [1.0, 0.0, 0.0, 0.0, 0.0, 0.985, 0.172, 0.625, 0.0, -0.172, 0.985, -1e-06],
                [1.0, 0.0, 0.0, 0.0, 0.0, 0.985, 0.172, 0.625, 0.0, -0.172, 0.985, -1e-06]
            ]
        },
        {
            "name": "neck_tail_4",
            "time": [0.0, 0.15, 0.617, 1.5],
            "transform": [[1.0, 0.0, 0.0, 0.0, 0.0, 0.99, -0.145, 0.626, 0.0, 0.145, 0.99, 0.0],
                [1.0, 0.0, 0.0, 0.0, 0.0, 0.991, -0.134, 0.626, 0.0, 0.134, 0.991, 0.0],
                [1.0, 0.0, 0.0, 0.0, 0.0, 0.996, 0.093, 0.626, 0.0, 0.093, 0.996, 0.0],
                [1.0, 0.0, 0.0, 0.0, 0.0, 0.996, 0.093, 0.626, 0.0, 0.093, 0.996, 0.0]
            ]
        },
        {
            "name": "neck_tail_5",
            "time": [0.0, 0.15, 0.617, 1.5],
            "transform": [[1.0, 0.0, 0.0, 0.0, 0.0, 0.991, -0.136, 0.625, 0.0, 0.136, 0.991, 0.0],
                [1.0, 0.0, 0.0, 0.0, 0.0, 0.995, -0.1, 0.625, 0.0, 0.1, 0.995, 0.0],
                [1.0, 0.0, 0.0, 0.0, 0.0, 1.0, 0.042, 0.625, 0.0, 0.042, 1.0, 0.0],
                [1.0, 0.0, 0.0, 0.0, 0.0, 1.0, 0.042, 0.625, 0.0, 0.042, 1.0, -1e-06]
            ]
        },
        {
            "name": "neck_tail_6",
            "time": [0.0, 0.15, 0.617, 1.5],
            "transform": [[1.0, 0.0, 0.0, 0.0, 0.0, 0.992, -0.125, 0.623, 0.0, 0.125, 0.992, 0.0],
                [1.0, 0.0, 0.0, 0.0, 0.0, 0.997, 0.074, 0.623, 0.0, 0.074, 0.997, 0.0],
                [1.0, 0.0, 0.0, 0.0, 0.0, 1, 0.012, 0.623, 0.0, 0.012, 1, 0.0],
                [1.0, 0.0, 0.0, 0.0, 0.0, 1.0, 0.033, 0.623, 0.0, 0.033, 1.0, 0.0]
            ]
        },
        {
            "name": "neck_tail_7",
            "time": [0.0, 0.15, 0.617, 1.5],
            "transform": [[1.0, 0.0, 0.0, 0.0, 0.0, 0.994, -0.112, 0.625, 0.0, 0.112, 0.994, 0.0],
                [1.0, 0.0, 0.0, 0.0, 0.0, 1.0, 0.053, 0.625, 0.0, 0.053, 1.0, 0.0],
                [1.0, 0.0, 0.0, 0.0, 0.0, 1, 0.005, 0.625, 0.0, 0.005, 1, 0.0],
                [1.0, 0.0, 0.0, 0.0, 0.0, 1, 0.026, 0.625, 0.0, 0.026, 1, -1e-06]
            ]
        },
        {
            "name": "neck_tail_8",
            "time": [0.0, 0.15, 0.617, 1.5],
            "transform": [[1.0, 0.0, 0.0, 0.0, 0.0, 0.995, 0.097, 0.625, 0.0, 0.097, 0.995, 0.0],
                [1.0, 0.0, 0.0, 0.0, 0.0, 1.0, 0.038, 0.625, 0.0, 0.038, 1.0, 0.0],
                [1.0, 0.0, 0.0, 0.0, 0.0, 1, 0.013, 0.625, 0.0, 0.013, 1, 0.0],
                [1.0, 0.0, 0.0, 0.0, 0.0, 1.0, 0.038, 0.625, 0.0, 0.038, 1.0, 0.0]
            ]
        },
        {
            "name": "neck_tail_9",
            "time": [0.0, 0.15, 0.617, 1.5],
            "transform": [[1.0, 0.0, 0.0, 0.0, 0.0, 0.997, 0.08, 0.625, 0.0, 0.08, 0.997, 0.0],
                [1.0, 0.0, 0.0, 0.0, 0.0, 1, 0.027, 0.625, 0.0, 0.027, 1, 0.0],
                [1.0, 0.0, 0.0, 0.0, 0.0, 1, 0.015, 0.625, 0.0, 0.015, 1, 0.0],
                [1.0, 0.0, 0.0, 0.0, 0.0, 1, 0.017, 0.625, 0.0, 0.017, 1, 0.0]
            ]
        },
        {
            "name": "neck_tail_10",
            "time": [0.0, 0.15, 0.617, 1.5],
            "transform": [[1.0, 0.0, 0.0, 0.0, 0.0, 0.998, 0.061, 0.626, 0.0, 0.061, 0.998, 0.0],
                [1.0, 0.0, 0.0, 0.0, 0.0, 1, 0.018, 0.626, 0.0, 0.018, 1, 0.0],
                [1.0, 0.0, 0.0, 0.0, 0.0, 1, 0.013, 0.626, 0.0, 0.013, 1, 0.0],
                [1.0, 0.0, 0.0, 0.0, 0.0, 1.0, 0.044, 0.626, 0.0, 0.044, 1.0, 0.0]
            ]
        },
        {
            "name": "neck_tail_11",
            "time": [0.0, 0.15, 0.617, 1.5],
            "transform": [[1.0, 0.0, 0.0, 0.0, 0.0, 1.0, 0.042, 0.625, 0.0, 0.042, 1.0, 0.0],
                [1.0, 0.0, 0.0, 0.0, 0.0, 1, 0.011, 0.625, 0.0, 0.011, 1, 0.0],
                [1.0, 0.0, 0.0, 0.0, 0.0, 1, 0.01, 0.625, 0.0, 0.01, 1, 0.0],
                [1.0, 0.0, 0.0, 0.0, 0.0, 1, 0.02, 0.625, 0.0, 0.02, 1, 0.0]
            ]
        },
        {
            "name": "neck_tail_12",
            "time": [0.0, 0.15, 0.617, 1.5],
            "transform": [[1.0, 0.0, 0.0, 0.0, 0.0, 1, 0.021, 0.625, 0.0, 0.021, 1, 0.0],
                [1.0, 0.0, 0.0, 0.0, 0.0, 1, 0.005, 0.625, 0.0, 0.005, 1, 0.0],
                [1.0, 0.0, 0.0, 0.0, 0.0, 1, 0.005, 0.625, 0.0, 0.005, 1, 0.0],
                [1.0, 0.0, 0.0, 0.0, 0.0, 1.0, 0.035, 0.625, 0.0, 0.035, 1.0, 1e-06]
            ]
        },
        {
            "name": "right_front_leg",
            "time": [0.0, 0.15, 0.333, 0.383, 0.617, 0.85, 1.133, 1.5],
            "transform": [[0.658, 0.601, -0.453, 0.75, 0.721, -0.33, 0.61, 2.943, 0.217, -0.728, -0.65, 0.056],
                [0.602, 0.713, -0.358, 0.75, 0.796, -0.502, 0.338, 2.943, 0.061, -0.488, -0.87, 0.056],
                [0.596, 0.773, -0.218, 0.75, 0.802, -0.562, 0.201, 2.943, 0.033, -0.295, -0.955, 0.056],
                [0.634, 0, -0.773, 0.75, 0.772, 0.045, 0.634, 2.943, 0.034, -1.0, 0.029, 0.056],
                [0.626, 0.23, -0.745, 0.75, 0.778, -0.251, 0.576, 2.943, 0.054, -0.94, -0.336, 0.056],
                [0.62, 0.365, -0.695, 0.75, 0.762, 0.066, 0.645, 2.943, 0.189, -0.929, -0.318, 0.056],
                [0.591, 0.688, -0.421, 0.75, 0.795, -0.406, 0.451, 2.943, 0.139, -0.601, -0.787, 0.056],
                [0.659, 0.185, -0.729, 0.75, 0.739, -0.334, 0.585, 2.943, -0.135, -0.924, -0.357, 0.056]
            ]
        },
        {
            "name": "right_front_leg_tip",
            "time": [0.0, 0.15, 0.333, 0.383, 0.617, 0.85, 1.133, 1.5],
            "transform": [[0.794, -0.275, 0.543, 0.0, 0.596, 0.172, -0.784, 1.253, 0.122, 0.946, 0.301, 0.0],
                [0.995, 0.06, 0.077, 0.0, 0.055, -0.316, -0.947, 1.253, 0.081, 0.947, -0.311, 0.0],
                [0.997, 0.047, 0.055, 0.0, 0.018, -0.576, -0.817, 1.253, 0.07, 0.816, -0.574, 0.0],
                [1.0, -5.6e-05, 0.045, 0.0, 1.4e-05, 1, 0.001, 1.253, 0.045, 0.001, 1.0, 0.0],
                [0.974, -0.221, 0.052, 0.0, 0.186, 0.908, -0.375, 1.253, 0.13, 0.356, 0.926, 0.0],
                [0.991, -0.13, 0.025, 0.0, 0.075, 0.706, -0.704, 1.253, 0.109, 0.696, 0.709, 0.0],
                [0.982, -0.168, 0.081, 0.0, 0.065, 0.097, -0.993, 1.253, 0.175, 0.981, 0.085, 0.0],
                [0.988, 0.068, -0.139, 0.0, 0.008, 0.92, -0.392, 1.253, 0.154, 0.386, 0.91, 0.0]
            ]
        },
        {
            "name": "right_front_foot",
            "time": [0.0, 0.15, 0.333, 0.383, 0.617, 1.133, 1.5],
            "transform": [[0.829, 0.401, -0.39, 0.0, -0.498, 0.213, -0.84, 1.489, -0.254, 0.891, 0.377, 0.0],
                [0.841, 0.522, -0.141, 0.0, -0.447, 0.524, -0.725, 1.489, -0.304, 0.673, 0.674, 0.0],
                [0.831, 0.532, -0.163, 0.0, -0.494, 0.569, -0.658, 1.489, -0.257, 0.627, 0.735, 0.0],
                [0.598, 0.742, 0.303, 0.0, 0.003, 0.38, -0.925, 1.489, -0.801, 0.552, 0.23, 0.0],
                [0.961, 0.171, 0.216, 0.0, -0.133, 0.975, -0.18, 1.489, -0.241, 0.144, 0.96, 0.0],
                [0.961, 0.171, 0.216, 0.0, -0.133, 0.975, -0.18, 1.489, -0.241, 0.144, 0.96, 0.0],
                [0.936, 0.134, 0.325, 0.0, -0.161, 0.985, 0.056, 1.489, -0.313, -0.105, 0.944, 0.0]
            ]
        },
        {
            "name": "left_front_leg",
            "time": [0.0, 0.15, 0.333, 0.383, 0.617, 0.85, 1.133, 1.5],
            "transform": [[0.64, -0.602, 0.478, -0.75, -0.743, -0.329, 0.583, 2.943, -0.193, -0.728, -0.658, 0.056],
                [0.602, -0.713, 0.358, -0.75, -0.796, -0.502, 0.338, 2.943, 0.061, -0.488, -0.87, 0.056],
                [0.599, -0.771, 0.214, -0.75, -0.8, -0.564, 0.205, 2.943, 0.037, -0.294, -0.955, 0.056],
                [0.64, -0, 0.768, -0.75, -0.767, 0.045, 0.64, 2.943, 0.034, -1.0, 0.029, 0.056],
                [0.631, -0.23, 0.741, -0.75, -0.774, -0.252, 0.58, 2.943, 0.053, -0.94, -0.337, 0.056],
                [0.623, -0.364, 0.692, -0.75, -0.759, 0.067, 0.648, 2.943, -0.189, -0.929, -0.318, 0.056],
                [0.593, -0.687, 0.42, -0.75, -0.793, -0.408, 0.452, 2.943, -0.14, -0.601, -0.787, 0.056],
                [0.659, -0.185, 0.729, -0.75, -0.739, -0.334, 0.585, 2.943, 0.135, -0.924, -0.357, 0.056]
            ]
        },
        {
            "name": "left_front_leg_tip",
            "time": [0.0, 0.15, 0.333, 0.383, 0.617, 0.85, 1.133, 1.5],
            "transform": [[0.815, 0.24, -0.527, 0.0, -0.57, 0.172, -0.804, 1.253, -0.102, 0.955, 0.277, 0.0],
                [0.995, 0.06, 0.077, 0.0, 0.055, -0.316, -0.947, 1.253, 0.081, 0.947, -0.311, 0.0],
                [0.997, 0.051, 0.055, 0.0, 0.016, -0.576, -0.817, 1.253, 0.073, 0.816, -0.574, 0.0],
                [1.0, 6e-05, 0.053, 0.0, -1.1e-05, 1, 0.001, 1.253, 0.053, 0.001, 1.0, 0.0],
                [0.973, 0.221, 0.059, 0.0, -0.184, 0.908, -0.376, 1.253, -0.137, 0.355, 0.925, 0.0],
                [0.991, 0.131, 0.03, 0.0, 0.072, 0.706, -0.705, 1.253, -0.113, 0.696, 0.709, 0.0],
                [0.983, 0.169, 0.078, 0.0, 0.062, 0.097, -0.993, 1.253, -0.175, 0.981, 0.085, 0.0],
                [0.988, 0.068, 0.139, 0.0, 0.008, 0.92, -0.392, 1.253, -0.154, 0.386, 0.91, 0.0]
            ]
        },
        {
            "name": "left_front_foot",
            "time": [0.0, 0.15, 0.333, 0.383, 0.617, 1.133, 1.5],
            "transform": [[0.817, -0.431, 0.383, 0.0, 0.505, 0.215, -0.836, 1.489, 0.278, 0.876, 0.393, 0.0],
                [0.826, -0.545, 0.142, 0.0, 0.462, 0.513, -0.724, 1.489, 0.322, 0.663, 0.676, 0.0],
                [0.817, -0.556, 0.154, 0.0, 0.505, 0.559, -0.658, 1.489, 0.28, 0.615, 0.737, 0.0],
                [0.601, -0.74, -0.3, 0.0, 0.002, 0.377, -0.926, 1.489, 0.799, 0.556, 0.228, 0.0],
                [0.968, -0.163, -0.193, 0.0, 0.13, 0.976, -0.174, 1.489, 0.217, 0.143, 0.966, 0.0],
                [0.968, -0.163, -0.193, 0.0, 0.13, 0.976, -0.174, 1.489, 0.217, 0.143, 0.966, 0.0],
                [0.937, -0.131, -0.325, 0.0, 0.156, 0.986, 0.052, 1.489, 0.314, -0.1, 0.944, 0.0]
            ]
        },
        {
            "name": "right_wing",
            "time": [0.0, 0.25, 0.5, 1.017, 1.417, 1.5],
            "transform": [[-0.282, 0.824, 0.492, 0.75, -0.933, -0.355, 0.059, 2.861, 0.223, -0.442, 0.869, 0.745],
                [0.077, 0.608, -0.79, 0.749, -0.983, 0.085, 0.161, 2.885, 0.165, 0.789, 0.592, 0.736],
                [0.088, 0.554, 0.828, 0.749, -0.992, 0.025, 0.123, 2.885, 0.089, -0.832, 0.547, 0.736],
                [0.077, 0.608, -0.79, 0.749, -0.983, 0.085, 0.161, 2.885, 0.165, 0.789, 0.592, 0.736],
                [0.088, 0.554, 0.828, 0.749, -0.992, 0.025, 0.123, 2.885, 0.089, -0.832, 0.547, 0.736],
                [0.088, 0.554, 0.828, 0.749, -0.992, 0.025, 0.123, 2.885, 0.089, -0.832, 0.547, 0.736]
            ]
        },
        {
            "name": "right_wing_tip",
            "time": [0.0, 0.15, 0.333, 0.617, 1.133, 1.5],
            "transform": [[0.885, 0.465, 0.015, 0.0, -0.465, 0.883, 0.062, 3.5, 0.015, 0.062, 0.998, 0.0],
                [1, 0.014, 0.002, 0.0, 0.013, 0.864, -0.504, 3.5, 0.005, 0.504, 0.864, 0.0],
                [1, 0.004, 0.001, 0.0, 0.003, 0.896, -0.444, 3.5, 0.003, 0.444, 0.896, 0.0],
                [1.0, 0.0, 0.0, 0.0, 0.0, 0.574, 0.819, 3.5, 0.0, -0.819, 0.574, -1e-06],
                [1, 0.014, 0.002, 0.0, 0.013, 0.864, -0.504, 3.5, 0.005, 0.504, 0.864, 0.0],
                [1.0, 0.0, 0.0, 0.0, 0.0, 0.574, 0.819, 3.5, 0.0, -0.819, 0.574, -1e-06]
            ]
        },
        {
            "name": "left_wing",
            "time": [0.0, 0.25, 0.5, 1.017, 1.417, 1.5],
            "transform": [[-0.282, -0.824, -0.492, -0.751, 0.933, -0.355, 0.059, 2.861, -0.223, -0.442, 0.869, 0.745],
                [-0.141, -0.595, 0.791, -0.75, 0.977, 0.047, 0.21, 2.838, -0.162, 0.803, 0.574, 0.753],
                [0.088, -0.554, -0.828, -0.75, 0.992, 0.025, 0.123, 2.838, 0.089, -0.832, 0.547, 0.753],
                [-0.141, -0.595, 0.791, -0.75, 0.977, 0.047, 0.21, 2.838, -0.162, 0.803, 0.574, 0.753],
                [0.088, -0.554, -0.828, -0.75, 0.992, 0.025, 0.123, 2.838, 0.089, -0.832, 0.547, 0.753],
                [0.088, -0.554, -0.828, -0.75, 0.992, 0.025, 0.123, 2.838, 0.089, -0.832, 0.547, 0.753]
            ]
        },
        {
            "name": "left_wing_tip",
            "time": [0.0, 0.15, 0.333, 0.617, 1.133, 1.5],
            "transform": [[0.885, -0.465, 0.015, 0.0, 0.465, 0.883, 0.062, 3.5, 0.015, 0.062, 0.998, 0.0],
                [1, 0.003, -0, 0.0, 0.003, 0.838, -0.546, 3.5, 0.001, 0.546, 0.838, 0.0],
                [1, 0.003, -6.7e-05, 0.0, 0.002, 0.874, -0.486, 3.5, 0.001, 0.486, 0.874, -1e-06],
                [1.0, 0.0, 0.0, 0.0, 0.0, 0.574, 0.819, 3.5, 0.0, -0.819, 0.574, 1e-06],
                [1, 0.003, -0, 0.0, 0.003, 0.838, -0.546, 3.5, 0.001, 0.546, 0.838, 0.0],
                [1.0, 0.0, 0.0, 0.0, 0.0, 0.574, 0.819, 3.5, 0.0, -0.819, 0.574, 1e-06]
            ]
        },
        {
            "name": "neck",
            "time": [0.0, 0.15, 1.5],
            "transform": [[1.0, 0.0, 0.0, 0.0, 0.0, 0.962, 0.271, 3.494, 0.0, -0.271, 0.962, 1e-06],
                [1.0, 0.0, 0.0, 0.0, 0.0, 0.946, 0.323, 3.494, 0.0, -0.323, 0.946, 2e-06],
                [1.0, 0.0, 0.0, 0.0, 0.0, 0.946, 0.323, 3.494, 0.0, -0.323, 0.946, 2e-06]
            ]
        },
        {
            "name": "neck2",
            "time": [0.0, 0.15, 1.5],
            "transform": [[1.0, 0.0, 0.0, 0.0, 0.0, 0.995, 0.099, 0.624, 0.0, 0.099, 0.995, 0.0],
                [1.0, 0.0, 0.0, 0.0, 0.0, 0.995, -0.103, 0.624, 0.0, 0.103, 0.995, 0.0],
                [1.0, 0.0, 0.0, 0.0, 0.0, 0.995, -0.103, 0.624, 0.0, 0.103, 0.995, 1e-06]
            ]
        },
        {
            "name": "neck3",
            "time": [0.0, 0.15, 1.5],
            "transform": [[1.0, 0.0, 0.0, 0.0, 0.0, 0.987, -0.163, 0.627, 0.0, 0.163, 0.987, 0.0],
                [1.0, 0.0, 0.0, 0.0, 0.0, 0.979, -0.202, 0.627, 0.0, 0.202, 0.979, 0.0],
                [1.0, 0.0, 0.0, 0.0, 0.0, 0.979, -0.202, 0.627, 0.0, 0.202, 0.979, 1e-06]
            ]
        },
        {
            "name": "neck4",
            "time": [0.0, 0.15, 1.5],
            "transform": [[1.0, 0.0, 0.0, 0.0, 0.0, 1.0, 0.05, 0.624, 0.0, 0.05, 1.0, 0.0],
                [1.0, 0.0, 0.0, 0.0, 0.0, 0.996, 0.093, 0.624, 0.0, 0.093, 0.996, 0.0],
                [1.0, 0.0, 0.0, 0.0, 0.0, 0.996, 0.093, 0.624, 0.0, 0.093, 0.996, 0.0]
            ]
        },
        {
            "name": "neck5",
            "time": [0.0, 0.15, 1.5],
            "transform": [[1.0, 0.0, 0.0, 0.0, 0.0, 1, 0.01, 0.624, 0.0, 0.01, 1, 0.0],
                [1.0, 0.0, 0.0, 0.0, 0.0, 1.0, 0.032, 0.624, 0.0, 0.032, 1.0, 0.0],
                [1.0, 0.0, 0.0, 0.0, 0.0, 1.0, 0.032, 0.624, 0.0, 0.032, 1.0, 0.0]
            ]
        },
        {
            "name": "head",
            "time": [0.0, 0.15, 0.383, 0.617, 0.85, 1.5],
            "transform": [[1.0, 0.0, 0.0, 0.0, 0.0, 0.993, -0.116, 0.629, 0.0, 0.116, 0.993, 0.0],
                [1.0, 0.0, 0.0, 0.0, 0.0, 1.0, 0.033, 0.629, 0.0, 0.033, 1.0, 0.0],
                [1.0, 0.0, 0.0, 0.0, 0.0, 0.997, 0.077, 0.629, 0.0, 0.077, 0.997, 0.0],
                [1.0, 0.0, 0.0, 0.0, 0.0, 0.925, 0.38, 0.629, 0.0, -0.38, 0.925, 0.0],
                [1.0, 0.0, 0.0, 0.0, 0.0, 0.998, 0.07, 0.629, 0.0, 0.07, 0.998, 0.0],
                [1.0, 0.0, 0.0, 0.0, 0.0, 0.987, 0.159, 0.629, 0.0, -0.159, 0.987, -1e-06]
            ]
        },
        {
            "name": "upperJaw",
            "time": [0.0, 0.15, 1.5],
            "transform": [[1.0, 0.0, 0.0, 0.001, 0.0, 0.998, 0.056, 0.873, 0.0, 0.056, 0.998, -0.25],
                [1.0, 0.0, 0.0, 0.001, 0.0, 0.998, 0.056, 0.873, 0.0, 0.056, 0.998, -0.25],
                [1.0, 0.0, 0.0, 0.001, 0.0, 0.998, 0.056, 0.873, 0.0, 0.056, 0.998, -0.25]
            ]
        },
        {
            "name": "jaw",
            "time": [0.0, 0.15, 1.5],
            "transform": [[1.0, 0.0, 0.0, 0.001, 0.0, 1.0, 0.0, 0.873, 0.0, 0.0, 1.0, -0.258],
                [1.0, 0.0, 0.0, 0.001, 0.0, 1.0, 0.0, 0.873, 0.0, 0.0, 1.0, -0.258],
                [1.0, 0.0, 0.0, 0.001, 0.0, 1.0, 0.0, 0.873, 0.0, 0.0, 1.0, -0.258]
            ]
        }
    ]
}