{
    "animation": [
        {
            "name": "root",
            "time": [0.0, 1.15, 2.667],
            "transform": [[1.0, 0.0, 0.0, 0.0, 0.0, 0.989, 0.148, -1.269, 0.0, -0.148, 0.989, 2.539],
                [1.0, 0.0, 0.0, 0.0, 0.0, 0.995, 0.097, -1.269, 0.0, 0.097, 0.995, 2.539],
                [1.0, 0.0, 0.0, 0.0, 0.0, 0.989, 0.148, -1.269, 0.0, -0.148, 0.989, 2.539]
            ]
        },
        {
            "name": "right_hind_leg",
            "time": [0.0, 1.15, 2.667],
            "transform": [[0.964, 0.264, 0.023, 1, -0.132, 0.401, 0.906, 0.086, 0.23, -0.877, 0.422, -0.271],
                [0.965, 0.259, 0.03, 1, -0.123, 0.349, 0.929, 0.086, 0.231, -0.901, 0.368, -0.271],
                [0.964, 0.264, 0.023, 1, -0.132, 0.401, 0.906, 0.086, 0.23, -0.877, 0.422, -0.271]
            ]
        },
        {
            "name": "right_hind_leg_tip",
            "time": [0.0, 1.15, 2.667],
            "transform": [[0.982, -0.156, -0.104, 0.0, 0.085, -0.127, 0.988, 1.692, -0.168, -0.98, -0.112, 0.0],
                [0.984, -0.148, 0.098, 0.0, 0.081, -0.119, 0.99, 1.692, -0.158, -0.982, -0.105, 0.0],
                [0.982, -0.156, -0.104, 0.0, 0.085, -0.127, 0.988, 1.692, -0.168, -0.98, -0.112, 0.0]
            ]
        },
        {
            "name": "right_hind_foot",
            "time": [0.0, 1.15, 2.667],
            "transform": [[0.996, 0.075, 0.053, 0.0, 0.044, -0.894, -0.445, 2.16, 0.081, 0.441, -0.894, 0.0],
                [0.996, 0.075, 0.053, 0.0, 0.044, -0.894, -0.445, 2.16, 0.081, 0.441, -0.894, 0.0],
                [0.996, 0.075, 0.053, 0.0, 0.044, -0.894, -0.445, 2.16, 0.081, 0.441, -0.894, 0.0]
            ]
        },
        {
            "name": "left_hind_leg",
            "time": [0.0, 1.15, 2.667],
            "transform": [[0.953, -0.298, 0.059, -1, 0.287, 0.946, -0.149, 0.086, 0.1, 0.125, 0.987, -0.271],
                [0.951, -0.303, 0.061, -1, 0.297, 0.95, 0.095, 0.086, 0.086, 0.072, 0.994, -0.271],
                [0.953, -0.298, 0.059, -1, 0.287, 0.946, -0.149, 0.086, 0.1, 0.125, 0.987, -0.271]
            ]
        },
        {
            "name": "left_hind_leg_tip",
            "time": [0.0, 1.15, 2.667],
            "transform": [[1.0, 0.0, 0.0, 0.0, 0.0, -0.223, 0.975, 1.692, 0.0, -0.975, -0.223, 0.0],
                [1.0, 0.0, 0.0, 0.0, 0.0, -0.226, 0.974, 1.692, 0.0, -0.974, -0.226, 0.0],
                [1.0, 0.0, 0.0, 0.0, 0.0, -0.223, 0.975, 1.692, 0.0, -0.975, -0.223, 0.0]
            ]
        },
        {
            "name": "left_hind_foot",
            "time": [0.0, 1.15, 2.667],
            "transform": [[0.983, 0.177, 0.057, 0.0, 0.098, -0.234, -0.967, 2.16, -0.158, 0.956, -0.248, 0.0],
                [0.983, 0.177, 0.055, 0.0, 0.097, -0.24, -0.966, 2.16, -0.158, 0.955, -0.253, 0.0],
                [0.983, 0.177, 0.057, 0.0, 0.098, -0.234, -0.967, 2.16, -0.158, 0.956, -0.248, 0.0]
            ]
        },
        {
            "name": "body",
            "time": [0.0, 1.15, 2.667],
            "transform": [[1.0, 0.0, 0.0, 0.0, 0.0, 0.996, 0.095, 0.274, 0.0, 0.095, 0.996, 0.0],
                [1.0, 0.0, 0.0, 0.0, 0.0, 0.996, 0.095, 0.274, 0.0, 0.095, 0.996, 0.0],
                [1.0, 0.0, 0.0, 0.0, 0.0, 0.996, 0.095, 0.274, 0.0, 0.095, 0.996, 0.0]
            ]
        },
        {
            "name": "neck_tail_1",
            "time": [0.0, 1.15, 2.667],
            "transform": [[-0.993, -0.116, 0.012, 0.0, 0.117, -0.992, 0.042, -0.516, 0.007, 0.043, 1.0, 0.429],
                [-0.994, -0.109, 0.015, 0.0, 0.109, -0.993, 0.041, -0.516, 0.01, 0.042, 1.0, 0.429],
                [-0.993, -0.116, 0.012, 0.0, 0.117, -0.992, 0.042, -0.516, 0.007, 0.043, 1.0, 0.429]
            ]
        },
        {
            "name": "neck_tail_2",
            "time": [0.0, 1.15, 2.667],
            "transform": [[1.0, 0.035, 0.002, 0.0, 0.034, 0.985, 0.171, 0.616, 0.008, -0.171, 0.985, 0.0],
                [1.0, 0.039, 0.004, 0.0, 0.038, 0.987, 0.157, 0.616, 0.01, -0.157, 0.988, 0.0],
                [1.0, 0.035, 0.002, 0.0, 0.034, 0.985, 0.171, 0.616, 0.008, -0.171, 0.985, 0.0]
            ]
        },
        {
            "name": "neck_tail_3",
            "time": [0.0, 1.15, 2.667],
            "transform": [[1, 0.028, 0.001, 0.0, 0.028, 0.986, 0.164, 0.625, 0.003, -0.164, 0.986, 0.0],
                [1, 0.029, 0, 0.0, 0.029, 0.989, 0.144, 0.625, 0.005, -0.144, 0.99, 0.0],
                [1, 0.028, 0.001, 0.0, 0.028, 0.986, 0.164, 0.625, 0.003, -0.164, 0.986, 0.0]
            ]
        },
        {
            "name": "neck_tail_4",
            "time": [0.0, 1.15, 2.667],
            "transform": [[1, 0.022, 0.004, 0.0, 0.022, 0.99, 0.141, 0.626, 0.001, -0.141, 0.99, 0.0],
                [1, 0.021, 0.002, 0.0, 0.021, 0.993, 0.118, 0.626, -0, -0.118, 0.993, 0.0],
                [1, 0.022, 0.004, 0.0, 0.022, 0.99, 0.141, 0.626, 0.001, -0.141, 0.99, 0.0]
            ]
        },
        {
            "name": "neck_tail_5",
            "time": [0.0, 1.15, 2.667],
            "transform": [[1, 0.017, 0.005, 0.0, 0.017, 0.995, 0.102, 0.625, 0.003, -0.102, 0.995, 0.0],
                [1, 0.014, 0.004, 0.0, 0.015, 0.996, 0.084, 0.625, 0.002, 0.084, 0.996, 0.0],
                [1, 0.017, 0.005, 0.0, 0.017, 0.995, 0.102, 0.625, 0.003, -0.102, 0.995, 0.0]
            ]
        },
        {
            "name": "neck_tail_6",
            "time": [0.0, 1.15, 2.667],
            "transform": [[1, 0.013, 0.005, 0.0, 0.013, 0.998, 0.054, 0.623, 0.004, 0.055, 1.0, 0.0],
                [1, 0.01, 0.004, 0.0, 0.01, 1.0, 0.043, 0.623, 0.003, 0.043, 1.0, 0.0],
                [1, 0.013, 0.005, 0.0, 0.013, 0.998, 0.054, 0.623, 0.004, 0.055, 1.0, 0.0]
            ]
        },
        {
            "name": "neck_tail_7",
            "time": [0.0, 1.15, 2.667],
            "transform": [[1, 0.01, 0.004, 0.0, 0.01, 1, 0.002, 0.625, 0.004, 0.002, 1, 1e-06],
                [1, 0.006, 0.003, 0.0, 0.006, 1, -0, 0.625, 0.003, 0, 1, 0.0],
                [1, 0.01, 0.004, 0.0, 0.01, 1, 0.002, 0.625, 0.004, 0.002, 1, 1e-06]
            ]
        },
        {
            "name": "neck_tail_8",
            "time": [0.0, 1.15, 2.667],
            "transform": [[1, 0.007, 0.003, 0.0, 0.007, 1.0, 0.047, 0.625, 0.003, 0.047, 1.0, 0.0],
                [1, 0.004, 0.002, 0.0, 0.004, 1.0, 0.041, 0.625, 0.003, 0.041, 1.0, 0.0],
                [1, 0.007, 0.003, 0.0, 0.007, 1.0, 0.047, 0.625, 0.003, 0.047, 1.0, 0.0]
            ]
        },
        {
            "name": "neck_tail_9",
            "time": [0.0, 1.15, 2.667],
            "transform": [[1, 0.006, 0.002, 0.0, 0.005, 0.996, 0.089, 0.625, 0.003, 0.089, 0.996, -1e-06],
                [1, 0.003, 0.002, 0.0, 0.003, 0.997, 0.075, 0.625, 0.002, 0.075, 0.997, 0.0],
                [1, 0.006, 0.002, 0.0, 0.005, 0.996, 0.089, 0.625, 0.003, 0.089, 0.996, -1e-06]
            ]
        },
        {
            "name": "neck_tail_10",
            "time": [0.0, 1.15, 2.667],
            "transform": [[1, 0.004, 0.001, 0.0, 0.004, 0.993, -0.116, 0.626, 0.002, 0.116, 0.993, 0.0],
                [1, 0.002, 0.001, 0.0, 0.002, 0.995, 0.098, 0.626, 0.001, 0.098, 0.995, 0.0],
                [1, 0.004, 0.001, 0.0, 0.004, 0.993, -0.116, 0.626, 0.002, 0.116, 0.993, 0.0]
            ]
        },
        {
            "name": "neck_tail_11",
            "time": [0.0, 1.15, 2.667],
            "transform": [[1, 0.003, 0.001, 0.0, 0.003, 0.992, -0.124, 0.625, 0.001, 0.124, 0.992, 0.0],
                [1, 0.001, -0, 0.0, 0.001, 0.994, -0.107, 0.625, 0, 0.107, 0.994, 0.0],
                [1, 0.003, 0.001, 0.0, 0.003, 0.992, -0.124, 0.625, 0.001, 0.124, 0.992, 0.0]
            ]
        },
        {
            "name": "neck_tail_12",
            "time": [0.0, 1.15, 2.667],
            "transform": [[1, 0.001, -3.4e-05, 0.0, 0.001, 0.968, -0.251, 0.625, 0, 0.251, 0.968, 0.0],
                [1.0, -0, -4.6e-05, 0.0, 0, 0.971, -0.238, 0.625, 0, 0.238, 0.971, 0.0],
                [1, 0.001, -3.4e-05, 0.0, 0.001, 0.968, -0.251, 0.625, 0, 0.251, 0.968, 0.0]
            ]
        },
        {
            "name": "right_front_leg",
            "time": [0.0, 1.15, 2.667],
            "transform": [[0.971, 0.147, -0.19, 0.75, 0.233, -0.391, 0.89, 2.917, 0.056, -0.909, -0.414, -0.176],
                [0.97, 0.133, -0.202, 0.75, 0.237, -0.364, 0.9, 2.917, 0.046, -0.922, -0.385, -0.176],
                [0.971, 0.147, -0.19, 0.75, 0.233, -0.391, 0.89, 2.917, 0.056, -0.909, -0.414, -0.176]
            ]
        },
        {
            "name": "right_front_leg_tip",
            "time": [0.0, 1.15, 2.667],
            "transform": [[1.0, 0.035, 0.019, 0.0, 0.025, 0.195, -0.98, 1.253, 0.031, 0.98, 0.196, 0.0],
                [1, 0.025, 0.013, 0.0, 0.022, 0.378, -0.926, 1.253, 0.019, 0.926, 0.378, 0.0],
                [1.0, 0.035, 0.019, 0.0, 0.025, 0.195, -0.98, 1.253, 0.031, 0.98, 0.196, 0.0]
            ]
        },
        {
            "name": "right_front_foot",
            "time": [0.0, 1.15, 2.667],
            "transform": [[0.97, 0.22, 0.105, 0.0, -0.108, 0.775, -0.623, 1.489, -0.219, 0.593, 0.775, 0.0],
                [0.97, 0.228, 0.081, 0.0, -0.106, 0.703, -0.703, 1.489, -0.217, 0.674, 0.707, 0.0],
                [0.97, 0.22, 0.105, 0.0, -0.108, 0.775, -0.623, 1.489, -0.219, 0.593, 0.775, 0.0]
            ]
        },
        {
            "name": "left_front_leg",
            "time": [0.0, 1.15, 2.667],
            "transform": [[0.977, -0.151, 0.151, -0.75, -0.212, -0.629, 0.748, 2.917, 0.018, -0.763, -0.646, -0.176],
                [0.977, -0.138, 0.164, -0.75, -0.214, -0.594, 0.776, 2.917, 0.01, -0.793, -0.609, -0.176],
                [0.977, -0.151, 0.151, -0.75, -0.212, -0.629, 0.748, 2.917, 0.018, -0.763, -0.646, -0.176]
            ]
        },
        {
            "name": "left_front_leg_tip",
            "time": [0.0, 1.15, 2.667],
            "transform": [[1, 0.007, 0.005, 0.0, 0.006, 0.103, -0.995, 1.253, 0.007, 0.995, 0.103, 0.0],
                [1, 0.001, 0.004, 0.0, 0.004, 0.289, -0.957, 1.253, 0.001, 0.957, 0.289, 0.0],
                [1, 0.007, 0.005, 0.0, 0.006, 0.103, -0.995, 1.253, 0.007, 0.995, 0.103, 0.0]
            ]
        },
        {
            "name": "left_front_foot",
            "time": [0.0, 1.15, 2.667],
            "transform": [[0.977, -0.213, 0.025, 0.0, 0.121, 0.643, -0.757, 1.489, 0.177, 0.736, 0.653, 0.0],
                [0.977, -0.213, 0.006, 0.0, 0.12, 0.572, -0.811, 1.489, 0.177, 0.792, 0.585, 0.0],
                [0.977, -0.213, 0.025, 0.0, 0.121, 0.643, -0.757, 1.489, 0.177, 0.736, 0.653, 0.0]
            ]
        },
        {
            "name": "right_wing",
            "time": [0.0, 1.15, 2.667],
            "transform": [[-0.377, 0.572, 0.728, 0.75, -0.684, -0.702, 0.197, 2.861, 0.624, -0.424, 0.656, 0.745],
                [-0.377, 0.572, 0.728, 0.75, -0.684, -0.702, 0.197, 2.861, 0.624, -0.424, 0.656, 0.745],
                [-0.377, 0.572, 0.728, 0.75, -0.684, -0.702, 0.197, 2.861, 0.624, -0.424, 0.656, 0.745]
            ]
        },
        {
            "name": "right_wing_tip",
            "time": [0.0, 1.15, 2.667],
            "transform": [[0.817, 0.571, 0.084, 0.0, -0.574, 0.818, 0.023, 3.5, 0.056, 0.067, 0.996, 0.0],
                [0.817, 0.571, 0.084, 0.0, -0.574, 0.818, 0.023, 3.5, 0.056, 0.067, 0.996, 0.0],
                [0.817, 0.571, 0.084, 0.0, -0.574, 0.818, 0.023, 3.5, 0.056, 0.067, 0.996, 0.0]
            ]
        },
        {
            "name": "left_wing",
            "time": [0.0, 1.15, 2.667],
            "transform": [[-0.377, -0.572, -0.728, -0.751, 0.684, -0.702, 0.197, 2.861, -0.624, -0.424, 0.656, 0.745],
                [-0.377, -0.572, -0.728, -0.751, 0.684, -0.702, 0.197, 2.861, -0.624, -0.424, 0.656, 0.745],
                [-0.377, -0.572, -0.728, -0.751, 0.684, -0.702, 0.197, 2.861, -0.624, -0.424, 0.656, 0.745]
            ]
        },
        {
            "name": "left_wing_tip",
            "time": [0.0, 1.15, 2.667],
            "transform": [[0.825, -0.564, 0.009, 0.0, 0.564, 0.825, 0.03, 3.5, 0.009, 0.03, 1.0, 0.0],
                [0.825, -0.564, 0.009, 0.0, 0.564, 0.825, 0.03, 3.5, 0.009, 0.03, 1.0, 0.0],
                [0.825, -0.564, 0.009, 0.0, 0.564, 0.825, 0.03, 3.5, 0.009, 0.03, 1.0, 0.0]
            ]
        },
        {
            "name": "neck",
            "time": [0.0, 1.15, 2.667],
            "transform": [[1.0, 0.0, 0.0, 0.0, 0.0, 0.92, 0.392, 3.494, 0.0, -0.392, 0.92, 1e-06],
                [1.0, 0.0, 0.0, 0.0, 0.0, 0.92, 0.392, 3.494, 0.0, -0.392, 0.92, 2e-06],
                [1.0, 0.0, 0.0, 0.0, 0.0, 0.92, 0.392, 3.494, 0.0, -0.392, 0.92, 1e-06]
            ]
        },
        {
            "name": "neck2",
            "time": [0.0, 1.15, 2.667],
            "transform": [[1.0, 0.0, 0.0, 0.0, 0.0, 0.988, -0.151, 0.624, 0.0, 0.151, 0.988, 0.0],
                [1.0, 0.0, 0.0, 0.0, 0.0, 0.988, -0.151, 0.624, 0.0, 0.151, 0.988, 0.0],
                [1.0, 0.0, 0.0, 0.0, 0.0, 0.988, -0.151, 0.624, 0.0, 0.151, 0.988, 0.0]
            ]
        },
        {
            "name": "neck3",
            "time": [0.0, 1.15, 2.667],
            "transform": [[1.0, 0.0, 0.0, 0.0, 0.0, 0.989, -0.149, 0.627, 0.0, 0.149, 0.989, 0.0],
                [1.0, 0.0, 0.0, 0.0, 0.0, 0.989, -0.149, 0.627, 0.0, 0.149, 0.989, 0.0],
                [1.0, 0.0, 0.0, 0.0, 0.0, 0.989, -0.149, 0.627, 0.0, 0.149, 0.989, 0.0]
            ]
        },
        {
            "name": "neck4",
            "time": [0.0, 1.15, 2.667],
            "transform": [[1.0, 0.0, 0.0, 0.0, 0.0, 0.994, -0.109, 0.624, 0.0, 0.109, 0.994, 0.0],
                [1.0, 0.0, 0.0, 0.0, 0.0, 0.994, -0.109, 0.624, 0.0, 0.109, 0.994, 0.0],
                [1.0, 0.0, 0.0, 0.0, 0.0, 0.994, -0.109, 0.624, 0.0, 0.109, 0.994, 0.0]
            ]
        },
        {
            "name": "neck5",
            "time": [0.0, 1.15, 2.667],
            "transform": [[1.0, 0.0, 0.0, 0.0, 0.0, 0.998, 0.064, 0.624, 0.0, 0.064, 0.998, 0.0],
                [1.0, 0.0, 0.0, 0.0, 0.0, 0.998, 0.064, 0.624, 0.0, 0.064, 0.998, 0.0],
                [1.0, 0.0, 0.0, 0.0, 0.0, 0.998, 0.064, 0.624, 0.0, 0.064, 0.998, 0.0]
            ]
        },
        {
            "name": "head",
            "time": [0.0, 1.15, 2.667],
            "transform": [[1.0, 0.0, 0.0, 0.0, 0.0, 1.0, 0.051, 0.629, 0.0, 0.051, 1.0, 0.0],
                [1.0, 0.0, 0.0, 0.0, 0.0, 1, 0.009, 0.629, 0.0, 0.009, 1, 0.0],
                [1.0, 0.0, 0.0, 0.0, 0.0, 1.0, 0.051, 0.629, 0.0, 0.051, 1.0, 0.0]
            ]
        },
        {
            "name": "upperJaw",
            "time": [0.0, 1.15, 2.667],
            "transform": [[1.0, 0.0, 0.0, 0.001, 0.0, 0.998, 0.056, 0.873, 0.0, 0.056, 0.998, -0.25],
                [1.0, 0.0, 0.0, 0.001, 0.0, 0.998, 0.056, 0.873, 0.0, 0.056, 0.998, -0.25],
                [1.0, 0.0, 0.0, 0.001, 0.0, 0.998, 0.056, 0.873, 0.0, 0.056, 0.998, -0.25]
            ]
        },
        {
            "name": "jaw",
            "time": [0.0, 1.15, 2.667],
            "transform": [[1.0, 0.0, 0.0, 0.001, 0.0, 1.0, 0.0, 0.873, 0.0, 0.0, 1.0, -0.258],
                [1.0, 0.0, 0.0, 0.001, 0.0, 1.0, 0.0, 0.873, 0.0, 0.0, 1.0, -0.258],
                [1.0, 0.0, 0.0, 0.001, 0.0, 1.0, 0.0, 0.873, 0.0, 0.0, 1.0, -0.258]
            ]
        }
    ]
}