{
    "animation": [
        {
            "name": "root",
            "time": [0.0, 0.2, 0.433, 0.867, 4.0],
            "transform": [[1, 0.007, 0.002, 0.0, 0.008, 0.977, -0.212, -1.517, 0.001, 0.212, 0.977, 1.415],
                [1.0, 0.046, 0.009, 0.0, 0.047, 0.979, -0.198, -1.184, 0.0, 0.198, 0.98, 1.365],
                [0.916, -0.121, -0.382, 0.0, 0.085, 0.99, -0.11, -1.184, 0.392, 0.068, 0.918, 1.365],
                [0.98, -0.171, -0.104, 0.013, 0.184, 0.974, 0.13, -1.184, 0.079, -0.147, 0.986, 0.738],
                [0.98, -0.171, -0.104, 0.013, 0.184, 0.974, 0.13, -1.184, 0.079, -0.147, 0.986, 0.738]
            ]
        },
        {
            "name": "right_hind_leg",
            "time": [0.0, 0.2, 0.433, 0.867, 4.0],
            "transform": [[0.974, 0.211, 0.078, 1, -0.225, 0.903, 0.367, 0.545, 0.007, -0.375, 0.927, 0.036],
                [0.55, 0.817, 0.173, 1, -0.824, 0.564, 0.045, 0.545, -0.134, -0.118, 0.984, 0.036],
                [0.371, 0.772, 0.517, 1, -0.913, 0.406, 0.049, 0.545, -0.172, -0.49, 0.855, 0.036],
                [0.684, 0.684, -0.253, 1, -0.724, 0.591, -0.356, 0.545, 0.094, 0.427, 0.9, 0.036],
                [0.684, 0.684, -0.253, 1, -0.724, 0.591, -0.356, 0.545, 0.094, 0.427, 0.9, 0.036]
            ]
        },
        {
            "name": "right_hind_leg_tip",
            "time": [0.0, 0.2, 0.433, 0.867, 4.0],
            "transform": [[0.986, 0.098, 0.135, 0.0, 0.019, -0.738, 0.675, 1.692, 0.166, -0.668, -0.726, 0.0],
                [0.836, 0.32, 0.447, 0.0, 0.059, -0.756, 0.651, 1.692, 0.546, -0.571, -0.613, 0.0],
                [0.883, 0.244, 0.4, 0.0, -0.182, -0.608, 0.773, 1.692, 0.432, -0.756, -0.493, 0.0],
                [0.831, 0.199, 0.519, 0.0, 0.017, -0.942, 0.334, 1.692, 0.556, -0.269, -0.787, 0.0],
                [0.831, 0.199, 0.519, 0.0, 0.017, -0.942, 0.334, 1.692, 0.556, -0.269, -0.787, 0.0]
            ]
        },
        {
            "name": "right_hind_foot",
            "time": [0.0, 0.2, 0.433, 0.867, 4.0],
            "transform": [[0.998, 0.035, 0.052, 0.0, 0.057, -0.867, -0.495, 2.16, 0.028, 0.497, -0.867, 0.0],
                [0.962, 0.016, 0.273, 0.0, 0.194, -0.745, -0.638, 2.16, 0.193, 0.667, -0.72, 0.0],
                [0.826, -0.41, 0.387, 0.0, 0.038, -0.725, -0.688, 2.16, 0.562, 0.554, -0.614, 0.0],
                [0.812, 0.114, 0.572, 0.0, 0.506, -0.625, -0.594, 2.16, 0.29, 0.772, -0.565, 0.0],
                [0.812, 0.114, 0.572, 0.0, 0.506, -0.625, -0.594, 2.16, 0.29, 0.772, -0.565, 0.0]
            ]
        },
        {
            "name": "left_hind_leg",
            "time": [0.0, 0.2, 0.433, 0.867, 4.0],
            "transform": [[0.977, -0.211, 0.041, -1, 0.206, 0.862, 0.464, 0.545, 0.062, -0.462, 0.885, 0.036],
                [0.68, -0.728, 0.087, -1, 0.685, 0.673, 0.279, 0.545, -0.262, -0.13, 0.956, 0.036],
                [0.588, -0.393, 0.707, -1, 0.641, 0.759, -0.111, 0.545, -0.493, 0.518, 0.699, 0.036],
                [0.977, 0.123, 0.172, -1, 0.16, 0.106, -0.981, 0.545, -0.139, 0.987, 0.084, 0.036],
                [0.977, 0.123, 0.172, -1, 0.16, 0.106, -0.981, 0.545, -0.139, 0.987, 0.084, 0.036]
            ]
        },
        {
            "name": "left_hind_leg_tip",
            "time": [0.0, 0.2, 0.433, 0.867, 4.0],
            "transform": [[1, 0, 0.006, 0.0, 0.004, -0.73, 0.684, 1.692, 0.005, -0.684, -0.73, 0.0],
                [1, 0.0, 0.023, 0.0, 0.015, -0.765, 0.644, 1.692, 0.018, -0.645, -0.764, 0.0],
                [1, 0.0, 0.023, 0.0, 0.01, -0.91, 0.414, 1.692, 0.021, -0.414, -0.91, 0.0],
                [1, 0.008, 0.028, 0.0, 0.004, -0.918, 0.398, 1.692, 0.029, -0.398, -0.917, 0.0],
                [1, 0.008, 0.028, 0.0, 0.004, -0.918, 0.398, 1.692, 0.029, -0.398, -0.917, 0.0]
            ]
        },
        {
            "name": "left_hind_foot",
            "time": [0.0, 0.2, 0.433, 0.867, 4.0],
            "transform": [[1, 0.012, 0.028, 0.0, 0.024, -0.875, -0.483, 2.16, 0.019, 0.483, -0.875, 0.0],
                [0.99, 0.034, -0.136, 0.0, -0.114, -0.758, -0.642, 2.16, 0.081, 0.651, -0.754, 0.0],
                [0.98, 0.019, -0.198, 0.0, -0.157, -0.688, -0.709, 2.16, -0.123, 0.726, -0.677, 0.0],
                [0.983, -0.16, 0.086, 0.0, 0.058, 0.172, -0.983, 2.16, 0.172, 0.972, 0.16, 0.0],
                [0.983, -0.16, 0.086, 0.0, 0.058, 0.172, -0.983, 2.16, 0.172, 0.972, 0.16, 0.0]
            ]
        },
        {
            "name": "body",
            "time": [0.0, 0.2, 0.433, 0.867, 4.0],
            "transform": [[1.0, 0.0, 0.0, 0.0, 0.0, 1.0, 0.038, 0.274, 0.0, 0.038, 1.0, 0.0],
                [1.0, 0.0, 0.0, 0.0, 0.0, 0.991, -0.131, 0.274, 0.0, 0.131, 0.991, 0.0],
                [1.0, 0.0, 0.0, 0.0, 0.0, 0.991, -0.131, 0.274, 0.0, 0.131, 0.991, 0.0],
                [1.0, 0.0, 0.0, 0.0, 0.0, 0.991, -0.131, 0.274, 0.0, 0.131, 0.991, 0.0],
                [1.0, 0.0, 0.0, 0.0, 0.0, 0.991, -0.131, 0.274, 0.0, 0.131, 0.991, 0.0]
            ]
        },
        {
            "name": "neck_tail_1",
            "time": [0.0, 0.2, 0.433, 0.867, 4.0],
            "transform": [[-0.907, -0.376, -0.189, 0.0, 0.359, -0.926, 0.12, -0.516, -0.22, 0.041, 0.975, 0.429],
                [-0.908, -0.368, -0.199, 0.0, 0.328, -0.922, 0.204, -0.516, -0.259, 0.12, 0.958, 0.429],
                [-0.894, -0.406, 0.192, 0.0, 0.427, -0.9, 0.088, -0.516, 0.137, 0.161, 0.978, 0.429],
                [-0.903, -0.327, -0.28, 0.0, 0.356, -0.932, 0.059, -0.516, -0.241, -0.153, 0.958, 0.429],
                [-0.903, -0.327, -0.28, 0.0, 0.356, -0.932, 0.059, -0.516, -0.241, -0.153, 0.958, 0.429]
            ]
        },
        {
            "name": "neck_tail_2",
            "time": [0.0, 4.0],
            "transform": [[0.998, 0.055, 0.02, 0.0, 0.056, 0.996, 0.066, 0.616, 0.017, 0.067, 0.998, 0.0],
                [0.998, 0.055, 0.02, 0.0, 0.056, 0.996, 0.066, 0.616, 0.017, 0.067, 0.998, 0.0]
            ]
        },
        {
            "name": "neck_tail_3",
            "time": [0.0, 4.0],
            "transform": [[0.988, -0.149, 0.027, 0.0, 0.151, 0.986, 0.071, 0.625, 0.016, 0.075, 0.997, 0.0],
                [0.988, -0.149, 0.027, 0.0, 0.151, 0.986, 0.071, 0.625, 0.016, 0.075, 0.997, 0.0]
            ]
        },
        {
            "name": "neck_tail_4",
            "time": [0.0, 4.0],
            "transform": [[0.969, -0.243, 0.039, 0.0, 0.244, 0.969, 0.047, 0.626, 0.026, 0.055, 0.998, 0.0],
                [0.969, -0.243, 0.039, 0.0, 0.244, 0.969, 0.047, 0.626, 0.026, 0.055, 0.998, 0.0]
            ]
        },
        {
            "name": "neck_tail_5",
            "time": [0.0, 4.0],
            "transform": [[0.95, -0.311, 0.024, 0.0, 0.312, 0.944, 0.106, 0.625, 0.01, -0.108, 0.994, 0.0],
                [0.95, -0.311, 0.024, 0.0, 0.312, 0.944, 0.106, 0.625, 0.01, -0.108, 0.994, 0.0]
            ]
        },
        {
            "name": "neck_tail_6",
            "time": [0.0, 4.0],
            "transform": [[0.935, -0.353, 0.026, 0.0, 0.353, 0.927, 0.13, 0.623, 0.022, -0.131, 0.991, 0.0],
                [0.935, -0.353, 0.026, 0.0, 0.353, 0.927, 0.13, 0.623, 0.022, -0.131, 0.991, 0.0]
            ]
        },
        {
            "name": "neck_tail_7",
            "time": [0.0, 4.0],
            "transform": [[0.931, -0.364, 0.025, 0.0, 0.364, 0.92, 0.146, 0.625, 0.03, -0.145, 0.989, 0.0],
                [0.931, -0.364, 0.025, 0.0, 0.364, 0.92, 0.146, 0.625, 0.03, -0.145, 0.989, 0.0]
            ]
        },
        {
            "name": "neck_tail_8",
            "time": [0.0, 4.0],
            "transform": [[0.938, -0.347, 0.021, 0.0, 0.346, 0.926, 0.15, 0.625, 0.032, -0.148, 0.988, 0.0],
                [0.938, -0.347, 0.021, 0.0, 0.346, 0.926, 0.15, 0.625, 0.032, -0.148, 0.988, 0.0]
            ]
        },
        {
            "name": "neck_tail_9",
            "time": [0.0, 4.0],
            "transform": [[0.952, -0.305, 0.016, 0.0, 0.304, 0.942, 0.142, 0.625, 0.029, -0.14, 0.99, 0.0],
                [0.952, -0.305, 0.016, 0.0, 0.304, 0.942, 0.142, 0.625, 0.029, -0.14, 0.99, 0.0]
            ]
        },
        {
            "name": "neck_tail_10",
            "time": [0.0, 4.0],
            "transform": [[0.97, -0.244, 0.009, 0.0, 0.243, 0.962, 0.123, 0.626, 0.021, -0.122, 0.992, 0.0],
                [0.97, -0.244, 0.009, 0.0, 0.243, 0.962, 0.123, 0.626, 0.021, -0.122, 0.992, 0.0]
            ]
        },
        {
            "name": "neck_tail_11",
            "time": [0.0, 4.0],
            "transform": [[0.987, -0.162, 0.01, 0.0, 0.162, 0.981, 0.108, 0.625, 0.007, -0.108, 0.994, 0.0],
                [0.987, -0.162, 0.01, 0.0, 0.162, 0.981, 0.108, 0.625, 0.007, -0.108, 0.994, 0.0]
            ]
        },
        {
            "name": "neck_tail_12",
            "time": [0.0, 4.0],
            "transform": [[0.996, 0.086, 0.002, 0.0, 0.086, 0.995, 0.048, 0.625, 0.002, 0.048, 1.0, 0.0],
                [0.996, 0.086, 0.002, 0.0, 0.086, 0.995, 0.048, 0.625, 0.002, 0.048, 1.0, 0.0]
            ]
        },
        {
            "name": "right_front_leg",
            "time": [0.0, 0.2, 0.433, 0.867, 4.0],
            "transform": [[0.83, 0.271, -0.488, 0.75, 0.552, -0.525, 0.648, 2.925, 0.081, -0.807, -0.585, -0.141],
                [-0.65, 0.539, -0.535, 0.75, 0.672, 0.079, -0.737, 2.943, -0.355, -0.838, -0.413, 0.056],
                [-0.731, 0.336, -0.594, 0.75, 0.658, 0.115, -0.744, 2.943, -0.181, -0.935, -0.305, 0.056],
                [-0.368, 0.923, -0.112, 0.75, 0.839, 0.277, -0.468, 2.943, -0.401, -0.266, -0.877, 0.056],
                [-0.368, 0.923, -0.112, 0.75, 0.839, 0.277, -0.468, 2.943, -0.401, -0.266, -0.877, 0.056]
            ]
        },
        {
            "name": "right_front_leg_tip",
            "time": [0.0, 0.2, 0.433, 0.867, 4.0],
            "transform": [[0.95, 0.152, 0.272, 0.0, 0.177, 0.452, -0.874, 1.253, -0.256, 0.879, 0.403, 0.0],
                [0.49, 0.044, 0.871, 0.0, 0.073, 0.993, 0.091, 1.253, -0.869, 0.108, 0.483, 0.0],
                [0.488, 0.116, 0.865, 0.0, 0.069, 0.983, -0.171, 1.253, -0.87, 0.143, 0.472, 0.0],
                [0.066, 0.819, 0.57, 0.0, -0.599, 0.49, -0.634, 1.253, -0.798, -0.299, 0.523, 0.0],
                [0.066, 0.819, 0.57, 0.0, -0.599, 0.49, -0.634, 1.253, -0.798, -0.299, 0.523, 0.0]
            ]
        },
        {
            "name": "right_front_foot",
            "time": [0.0, 0.2, 0.433, 0.867, 4.0],
            "transform": [[0.942, 0.189, 0.277, 0.0, 0.03, 0.775, -0.631, 1.489, -0.335, 0.603, 0.724, 0.0],
                [0.356, 0.827, 0.434, 0.0, 0.501, 0.223, -0.836, 1.489, -0.789, 0.515, -0.335, 0.0],
                [0.325, 0.877, 0.354, 0.0, 0.577, 0.113, -0.809, 1.489, -0.75, 0.467, -0.469, 0.0],
                [-0.558, 0.14, 0.818, 0.0, 0.011, 0.987, -0.161, 1.489, -0.829, 0.08, -0.553, 0.0],
                [-0.558, 0.14, 0.818, 0.0, 0.011, 0.987, -0.161, 1.489, -0.829, 0.08, -0.553, 0.0]
            ]
        },
        {
            "name": "left_front_leg",
            "time": [0.0, 0.2, 0.433, 0.867, 4.0],
            "transform": [[0.813, -0.246, 0.527, -0.75, -0.575, -0.481, 0.662, 2.925, 0.09, -0.842, -0.532, -0.141],
                [-0.691, -0.435, 0.577, -0.75, -0.685, 0.14, -0.715, 2.943, 0.23, -0.89, -0.394, 0.056],
                [0.083, -0.84, 0.537, -0.75, -0.996, 0.048, 0.078, 2.943, 0.04, -0.541, -0.84, 0.056],
                [-0.689, -0.346, 0.637, -0.75, -0.456, 0.89, 0.009, 2.943, -0.564, -0.296, -0.771, 0.056],
                [-0.689, -0.346, 0.637, -0.75, -0.456, 0.89, 0.009, 2.943, -0.564, -0.296, -0.771, 0.056]
            ]
        },
        {
            "name": "left_front_leg_tip",
            "time": [0.0, 0.2, 0.433, 0.867, 4.0],
            "transform": [[0.954, -0.12, -0.275, 0.0, -0.187, 0.479, -0.858, 1.253, 0.234, 0.87, 0.434, 0.0],
                [0.531, 0.032, -0.846, 0.0, 0.047, 1.0, 0.008, 1.253, 0.846, 0.036, 0.532, 0.0],
                [0.35, -0.874, -0.335, 0.0, 0.259, 0.435, -0.863, 1.253, 0.9, 0.215, 0.379, 0.0],
                [0.395, -0.485, -0.78, 0.0, 0.221, 0.875, -0.431, 1.253, 0.892, 0.002, 0.453, 0.0],
                [0.395, -0.485, -0.78, 0.0, 0.221, 0.875, -0.431, 1.253, 0.892, 0.002, 0.453, 0.0]
            ]
        },
        {
            "name": "left_front_foot",
            "time": [0.0, 0.2, 0.433, 0.867, 4.0],
            "transform": [[0.937, -0.194, -0.289, 0.0, 0.048, 0.751, -0.659, 1.489, 0.345, 0.631, 0.695, 0.0],
                [0.361, -0.804, -0.472, 0.0, -0.515, 0.25, -0.82, 1.489, 0.777, 0.54, -0.324, 0.0],
                [0.59, -0.205, -0.781, 0.0, 0.084, 0.946, -0.312, 1.489, 0.803, 0.25, 0.541, 0.0],
                [0.298, 0.025, -0.954, 0.0, 0.095, 0.995, 0.004, 1.489, 0.95, 0.092, 0.299, 0.0],
                [0.298, 0.025, -0.954, 0.0, 0.095, 0.995, 0.004, 1.489, 0.95, 0.092, 0.299, 0.0]
            ]
        },
        {
            "name": "right_wing",
            "time": [0.0, 0.05, 0.2, 0.433, 0.867, 4.0],
            "transform": [[0.557, 0.806, -0.199, 0.75, -0.828, 0.519, -0.212, 2.739, 0.068, 0.283, 0.957, 0.703],
                [0.347, 0.844, -0.409, 0.75, -0.937, 0.334, -0.104, 2.861, 0.049, 0.419, 0.906, 0.745],
                [0.358, 0.819, -0.448, 0.75, -0.931, 0.348, -0.109, 2.861, 0.067, 0.456, 0.887, 0.745],
                [0.311, 0.901, -0.302, 0.75, -0.95, 0.296, 0.095, 2.861, 0.004, 0.317, 0.948, 0.745],
                [0.154, 0.895, 0.418, 0.75, -0.988, 0.154, 0.034, 2.861, 0.034, -0.418, 0.908, 0.745],
                [0.154, 0.895, 0.418, 0.75, -0.988, 0.154, 0.034, 2.861, 0.034, -0.418, 0.908, 0.745]
            ]
        },
        {
            "name": "right_wing_tip",
            "time": [0.0, 0.25, 0.617, 0.867, 4.0],
            "transform": [[1, 0.001, 0.001, 0.0, 0.002, 0.838, 0.546, 3.5, -0, -0.546, 0.838, 0.0],
                [1, 0.003, 0.002, 0.0, 0.003, 0.869, -0.494, 3.5, 0.001, 0.494, 0.869, 0.0],
                [1, 0.002, 0.003, 0.0, 0.003, 0.881, -0.473, 3.5, 0.001, 0.473, 0.881, 0.0],
                [1, 0, 0.006, 0.0, 0.002, 0.941, -0.337, 3.5, 0.006, 0.337, 0.941, 0.0],
                [1, 0, 0.006, 0.0, 0.002, 0.941, -0.337, 3.5, 0.006, 0.337, 0.941, 0.0]
            ]
        },
        {
            "name": "left_wing",
            "time": [0.0, 0.05, 0.2, 0.433, 0.867, 4.0],
            "transform": [[0.574, -0.797, 0.188, -0.751, 0.816, 0.539, -0.21, 2.739, 0.066, 0.274, 0.959, 0.703],
                [0.371, -0.839, 0.398, -0.751, 0.927, 0.358, -0.109, 2.861, 0.051, 0.409, 0.911, 0.745],
                [0.383, -0.814, 0.437, -0.751, 0.921, 0.37, -0.117, 2.861, 0.066, 0.447, 0.892, 0.745],
                [0.374, -0.803, 0.465, -0.751, 0.925, 0.359, -0.123, 2.861, 0.068, 0.476, 0.877, 0.745],
                [0.323, -0.914, -0.244, -0.751, 0.944, 0.331, 0.011, 2.861, 0.071, -0.233, 0.97, 0.745],
                [0.323, -0.914, -0.244, -0.751, 0.944, 0.331, 0.011, 2.861, 0.071, -0.233, 0.97, 0.745]
            ]
        },
        {
            "name": "left_wing_tip",
            "time": [0.0, 0.25, 0.617, 0.867, 4.0],
            "transform": [[1.0, 0.001, 0.001, 0.0, 0.0, 0.843, 0.538, 3.5, 0.001, -0.538, 0.843, 0.0],
                [1, 0.01, 0.001, 0.0, 0.008, 0.843, -0.537, 3.5, 0.006, 0.537, 0.844, 0.0],
                [1, 0.008, 0.001, 0.0, 0.006, 0.862, -0.507, 3.5, 0.005, 0.507, 0.862, 0.0],
                [1, 0.001, 0.001, 0.0, 0.001, 0.953, -0.304, 3.5, 0.001, 0.304, 0.953, 0.0],
                [1, 0.001, 0.001, 0.0, 0.001, 0.953, -0.304, 3.5, 0.001, 0.304, 0.953, 0.0]
            ]
        },
        {
            "name": "neck",
            "time": [0.0, 0.2, 0.433, 0.617, 0.867, 4.0],
            "transform": [[1, 0.01, 0.01, 0.0, 0.0, 0.724, -0.69, 3.494, 0.014, 0.69, 0.724, 0.0],
                [0.984, 0.064, -0.168, 0.0, 0.059, 0.998, 0.035, 3.494, 0.17, 0.024, 0.985, 0.0],
                [0.914, 0.076, 0.399, 0.0, 0.14, 0.981, -0.133, 3.494, -0.382, 0.178, 0.907, 0.0],
                [0.931, -0.257, 0.259, 0.0, 0.286, 0.955, 0.08, 3.494, -0.227, 0.148, 0.963, 0.0],
                [0.976, -0.216, 0.015, 0.0, 0.216, 0.973, 0.079, 3.494, 0.002, 0.08, 0.997, 0.0],
                [0.976, -0.216, 0.015, 0.0, 0.216, 0.973, 0.079, 3.494, 0.002, 0.08, 0.997, 0.0]
            ]
        },
        {
            "name": "neck2",
            "time": [0.0, 0.2, 0.617, 0.867, 4.0],
            "transform": [[1, 0.001, 0.002, 0.0, 0.001, 0.998, 0.061, 0.624, 0.002, 0.061, 0.998, 0.0],
                [1.0, 0.0, 0.0, 0.0, 0.0, 0.983, -0.185, 0.624, 0.0, 0.185, 0.983, 0.0],
                [1, 0.002, 0.005, 0.0, 0.002, 0.996, 0.092, 0.624, 0.005, 0.092, 0.996, 0.0],
                [1, 0.004, 0.01, 0.0, 0.005, 1, 0.018, 0.624, 0.01, 0.018, 1, 0.0],
                [1, 0.004, 0.01, 0.0, 0.005, 1, 0.018, 0.624, 0.01, 0.018, 1, 0.0]
            ]
        },
        {
            "name": "neck3",
            "time": [0.0, 0.2, 0.617, 0.867, 4.0],
            "transform": [[1, 0.001, 0.003, 0.0, 0.002, 0.996, 0.084, 0.627, 0.003, 0.084, 0.996, 0.0],
                [0.997, 0.053, 0.048, 0.0, 0.038, 0.962, -0.272, 0.627, 0.061, 0.27, 0.961, 0.0],
                [0.997, 0.077, 0.028, 0.0, 0.074, 0.991, -0.112, 0.627, 0.037, 0.11, 0.993, 0.0],
                [0.996, 0.085, 0.01, 0.0, 0.085, 0.993, 0.081, 0.627, 0.003, 0.081, 0.997, 0.0],
                [0.996, 0.085, 0.01, 0.0, 0.085, 0.993, 0.081, 0.627, 0.003, 0.081, 0.997, 0.0]
            ]
        },
        {
            "name": "neck4",
            "time": [0.0, 0.2, 0.617, 0.867, 4.0],
            "transform": [[1, 0.002, 0.003, 0.0, 0.003, 0.996, 0.094, 0.624, 0.003, 0.094, 0.996, 0.0],
                [0.998, 0.06, 0.026, 0.0, 0.048, 0.943, -0.329, 0.624, 0.044, 0.327, 0.944, 0.0],
                [0.993, 0.117, 0.005, 0.0, -0.116, 0.984, -0.137, 0.624, 0.021, 0.136, 0.991, 0.0],
                [0.989, 0.151, 0.006, 0.0, -0.15, 0.984, 0.097, 0.624, 0.02, 0.095, 0.995, 0.0],
                [0.989, 0.151, 0.006, 0.0, -0.15, 0.984, 0.097, 0.624, 0.02, 0.095, 0.995, 0.0]
            ]
        },
        {
            "name": "neck5",
            "time": [0.0, 0.2, 0.617, 0.867, 4.0],
            "transform": [[1, 0.002, 0.002, 0.0, 0.002, 0.997, 0.08, 0.624, 0.002, 0.08, 0.997, 0.0],
                [0.998, 0.062, 0.012, 0.0, 0.058, 0.972, -0.226, 0.624, 0.026, 0.225, 0.974, 0.0],
                [0.987, 0.159, 0.003, 0.0, -0.158, 0.983, 0.091, 0.624, 0.018, 0.089, 0.996, 0.0],
                [0.975, 0.221, 0.009, 0.0, -0.221, 0.973, 0.07, 0.624, 0.007, 0.071, 0.997, 0.0],
                [0.975, 0.221, 0.009, 0.0, -0.221, 0.973, 0.07, 0.624, 0.007, 0.071, 0.997, 0.0]
            ]
        },
        {
            "name": "head",
            "time": [0.0, 0.2, 0.617, 0.867, 4.0],
            "transform": [[1, 0.01, 0.024, 0.0, 0.026, 0.515, 0.857, 0.629, 0.004, -0.857, 0.515, 0.0],
                [1.0, 0.03, 0.017, 0.0, 0.034, 0.942, -0.333, 0.629, 0.006, 0.333, 0.943, 0.0],
                [0.996, 0.092, 0.012, 0.0, 0.088, 0.977, -0.196, 0.629, 0.03, 0.194, 0.981, 0.0],
                [0.983, 0.157, 0.098, 0.0, -0.135, 0.97, -0.201, 0.629, -0.127, 0.185, 0.975, 0.0],
                [0.983, 0.157, 0.098, 0.0, -0.135, 0.97, -0.201, 0.629, -0.127, 0.185, 0.975, 0.0]
            ]
        },
        {
            "name": "upperJaw",
            "time": [0.0, 0.05, 0.2, 0.433, 0.867, 4.0],
            "transform": [[1, 0.001, 0.001, 0.001, 0.001, 0.997, 0.074, 0.873, 0.001, 0.074, 0.997, -0.25],
                [1, 0.001, 0.001, 0.001, 0.001, 0.996, 0.092, 0.873, 0.001, 0.092, 0.996, -0.25],
                [1.0, 0.0, 0.0, 0.001, 0.0, 1.0, 0.0, 0.873, 0.0, 0.0, 1.0, -0.25],
                [1.0, 0.0, 0.0, 0.001, 0.0, 1.0, 0.0, 0.873, 0.0, 0.0, 1.0, -0.25],
                [1.0, 0.0, 0.0, 0.001, 0.0, 1.0, 0.0, 0.873, 0.0, 0.0, 1.0, -0.25],
                [1.0, 0.0, 0.0, 0.001, 0.0, 1.0, 0.0, 0.873, 0.0, 0.0, 1.0, -0.25]
            ]
        },
        {
            "name": "jaw",
            "time": [0.0, 0.05, 0.2, 0.433, 0.867, 4.0],
            "transform": [[1, 0.002, 0.001, 0.001, 0.002, 0.992, 0.123, 0.873, 0.001, -0.123, 0.992, -0.258],
                [1, 0.003, 0.002, 0.001, 0.003, 0.978, 0.21, 0.873, 0.003, -0.21, 0.978, -0.258],
                [1, 0.009, 0.003, 0.001, 0.006, 0.872, 0.489, 0.873, 0.007, -0.489, 0.872, -0.258],
                [1.0, 0.0, 0.0, 0.001, 0.0, 1.0, 0.0, 0.873, 0.0, 0.0, 1.0, -0.258],
                [1.0, 0.0, 0.0, 0.001, 0.0, 1.0, 0.0, 0.873, 0.0, 0.0, 1.0, -0.258],
                [1.0, 0.0, 0.0, 0.001, 0.0, 1.0, 0.0, 0.873, 0.0, 0.0, 1.0, -0.258]
            ]
        }
    ]
}