{
    "animation": [
        {
            "name": "root",
            "time": [0.017, 0.267, 0.517, 0.767, 1.017, 1.683],
            "transform": [[0.98, -0.171, -0.104, 0.013, 0.184, 0.974, 0.13, -1.184, 0.079, -0.147, 0.986, 0.738],
                [0.985, -0.147, 0.09, 0.011, 0.159, 0.978, 0.134, -1.196, 0.068, -0.146, 0.987, 0.987],
                [0.994, 0.093, 0.057, 0.007, 0.1, 0.985, 0.141, -1.223, 0.043, -0.146, 0.988, 1.561],
                [1.0, 0.032, 0.019, 0.002, 0.034, 0.989, 0.146, -1.253, 0.015, -0.147, 0.989, 2.205],
                [1.0, 0.0, 0.0, 0.0, 0.0, 0.989, 0.148, -1.269, 0.0, -0.148, 0.989, 2.539],
                [1.0, 0.0, 0.0, 0.0, 0.0, 0.989, 0.148, -1.269, 0.0, -0.148, 0.989, 2.539]
            ]
        },
        {
            "name": "right_hind_leg",
            "time": [0.017, 0.267, 0.517, 0.767, 1.017, 1.683],
            "transform": [[0.684, 0.684, -0.253, 1, -0.724, 0.591, -0.356, 0.545, 0.094, 0.427, 0.9, 0.036],
                [0.646, 0.763, 0.024, 1, -0.763, 0.645, 0.039, 0.481, 0.014, 0.043, 1.0, 0.006],
                [0.738, 0.642, 0.21, 1, -0.655, 0.604, 0.455, 0.335, 0.165, -0.473, 0.866, -0.104],
                [0.905, 0.398, 0.149, 1, -0.347, 0.491, 0.799, 0.171, 0.245, -0.775, 0.583, -0.214],
                [0.964, 0.264, 0.023, 1, -0.132, 0.401, 0.906, 0.086, 0.23, -0.877, 0.422, -0.271],
                [0.964, 0.264, 0.023, 1, -0.132, 0.401, 0.906, 0.086, 0.23, -0.877, 0.422, -0.271]
            ]
        },
        {
            "name": "right_hind_leg_tip",
            "time": [0.017, 0.267, 0.517, 0.767, 1.017, 1.683],
            "transform": [[0.831, 0.199, 0.519, 0.0, 0.017, -0.942, 0.334, 1.692, 0.556, -0.269, -0.787, 0.0],
                [0.882, 0.196, 0.428, 0.0, 0.026, -0.887, 0.46, 1.692, 0.47, -0.417, -0.778, 0.0],
                [0.971, 0.12, 0.208, 0.0, 0.069, -0.69, 0.721, 1.692, 0.23, -0.714, -0.661, 0.0],
                [1.0, 0.053, 0.015, 0.0, 0.005, -0.35, 0.937, 1.692, 0.054, -0.935, -0.35, 0.0],
                [0.982, -0.156, -0.104, 0.0, 0.085, -0.127, 0.988, 1.692, -0.168, -0.98, -0.112, 0.0],
                [0.982, -0.156, -0.104, 0.0, 0.085, -0.127, 0.988, 1.692, -0.168, -0.98, -0.112, 0.0]
            ]
        },
        {
            "name": "right_hind_foot",
            "time": [0.017, 0.267, 0.517, 0.767, 1.683],
            "transform": [[0.812, 0.114, 0.572, 0.0, 0.506, -0.625, -0.594, 2.16, 0.29, 0.772, -0.565, 0.0],
                [0.804, 0.001, 0.595, 0.0, 0.291, -0.873, -0.392, 2.16, 0.519, 0.488, -0.702, 0.0],
                [0.895, 0.112, 0.432, 0.0, 0.26, -0.918, -0.3, 2.16, 0.363, 0.38, -0.851, 0.0],
                [0.996, 0.075, 0.053, 0.0, 0.044, -0.894, -0.445, 2.16, 0.081, 0.441, -0.894, 0.0],
                [0.996, 0.075, 0.053, 0.0, 0.044, -0.894, -0.445, 2.16, 0.081, 0.441, -0.894, 0.0]
            ]
        },
        {
            "name": "left_hind_leg",
            "time": [0.017, 0.267, 0.517, 0.767, 1.017, 1.683],
            "transform": [[0.977, 0.123, 0.172, -1, 0.16, 0.106, -0.981, 0.545, -0.139, 0.987, 0.084, 0.036],
                [0.962, 0.165, 0.217, -1.019, 0.122, 0.454, -0.883, 0.437, -0.244, 0.875, 0.417, 0.006],
                [0.948, 0.18, 0.262, -1.035, 0.018, 0.794, -0.608, 0.348, -0.317, 0.581, 0.749, -0.135],
                [0.858, -0.512, 0.045, -1, 0.471, 0.818, -0.329, 0.171, 0.205, 0.261, 0.943, -0.214],
                [0.953, -0.298, 0.059, -1, 0.287, 0.946, -0.149, 0.086, 0.1, 0.125, 0.987, -0.271],
                [0.953, -0.298, 0.059, -1, 0.287, 0.946, -0.149, 0.086, 0.1, 0.125, 0.987, -0.271]
            ]
        },
        {
            "name": "left_hind_leg_tip",
            "time": [0.017, 0.267, 0.517, 0.767, 1.017, 1.683],
            "transform": [[1, 0.008, 0.028, 0.0, 0.004, -0.918, 0.398, 1.692, 0.029, -0.398, -0.917, 0.0],
                [1.0, 0.006, 0.035, 0.0, 0.021, -0.898, 0.44, 1.692, 0.029, -0.441, -0.897, 0.0],
                [0.994, 0.059, 0.096, 0.0, 0.108, -0.742, 0.662, 1.692, 0.032, -0.668, -0.744, 0.0],
                [1, 0.0, 0.003, 0.0, 0.002, -0.42, 0.907, 1.692, 0.001, -0.907, -0.42, 0.0],
                [1.0, 0.0, 0.0, 0.0, 0.0, -0.223, 0.975, 1.692, 0.0, -0.975, -0.223, 0.0],
                [1.0, 0.0, 0.0, 0.0, 0.0, -0.223, 0.975, 1.692, 0.0, -0.975, -0.223, 0.0]
            ]
        },
        {
            "name": "left_hind_foot",
            "time": [0.017, 0.267, 0.517, 0.767, 1.017, 1.683],
            "transform": [[0.983, -0.16, 0.086, 0.0, 0.058, 0.172, -0.983, 2.16, 0.172, 0.972, 0.16, 0.0],
                [0.962, -0.197, -0.189, 0.0, -0.212, -0.1, -0.972, 2.16, 0.173, 0.975, -0.138, 0.0],
                [0.941, -0.228, -0.248, 0.0, -0.302, -0.241, -0.922, 2.16, 0.151, 0.943, -0.296, 0.0],
                [0.973, 0.181, 0.145, 0.0, 0.191, -0.271, -0.943, 2.16, -0.132, 0.945, -0.299, 0.0],
                [0.983, 0.177, 0.057, 0.0, 0.098, -0.234, -0.967, 2.16, -0.158, 0.956, -0.248, 0.0],
                [0.983, 0.177, 0.057, 0.0, 0.098, -0.234, -0.967, 2.16, -0.158, 0.956, -0.248, 0.0]
            ]
        },
        {
            "name": "body",
            "time": [0.017, 0.267, 0.517, 0.767, 1.017, 1.683],
            "transform": [[1.0, 0.0, 0.0, 0.0, 0.0, 0.991, -0.131, 0.274, 0.0, 0.131, 0.991, 0.0],
                [1.0, 0.0, 0.0, 0.0, 0.0, 0.992, -0.126, 0.274, 0.0, 0.126, 0.992, 0.0],
                [1.0, 0.0, 0.0, 0.0, 0.0, 0.993, -0.115, 0.274, 0.0, 0.115, 0.993, 0.0],
                [1.0, 0.0, 0.0, 0.0, 0.0, 0.995, -0.102, 0.274, 0.0, 0.102, 0.995, 0.0],
                [1.0, 0.0, 0.0, 0.0, 0.0, 0.996, 0.095, 0.274, 0.0, 0.095, 0.996, 0.0],
                [1.0, 0.0, 0.0, 0.0, 0.0, 0.996, 0.095, 0.274, 0.0, 0.095, 0.996, 0.0]
            ]
        },
        {
            "name": "neck_tail_1",
            "time": [0.017, 1.017, 1.683],
            "transform": [[-0.903, -0.327, -0.28, 0.0, 0.356, -0.932, 0.059, -0.516, -0.241, -0.153, 0.958, 0.429],
                [-0.993, -0.116, 0.012, 0.0, 0.117, -0.992, 0.042, -0.516, 0.007, 0.043, 1.0, 0.429],
                [-0.993, -0.116, 0.012, 0.0, 0.117, -0.992, 0.042, -0.516, 0.007, 0.043, 1.0, 0.429]
            ]
        },
        {
            "name": "neck_tail_2",
            "time": [0.017, 1.017, 1.683],
            "transform": [[0.998, 0.055, 0.02, 0.0, 0.056, 0.996, 0.066, 0.616, 0.017, 0.067, 0.998, 0.0],
                [1.0, 0.035, 0.002, 0.0, 0.034, 0.985, 0.171, 0.616, 0.008, -0.171, 0.985, 0.0],
                [1.0, 0.035, 0.002, 0.0, 0.034, 0.985, 0.171, 0.616, 0.008, -0.171, 0.985, 0.0]
            ]
        },
        {
            "name": "neck_tail_3",
            "time": [0.017, 1.017, 1.683],
            "transform": [[0.988, -0.149, 0.027, 0.0, 0.151, 0.986, 0.071, 0.625, 0.016, 0.075, 0.997, 0.0],
                [1, 0.028, 0.001, 0.0, 0.028, 0.986, 0.164, 0.625, 0.003, -0.164, 0.986, 0.0],
                [1, 0.028, 0.001, 0.0, 0.028, 0.986, 0.164, 0.625, 0.003, -0.164, 0.986, 0.0]
            ]
        },
        {
            "name": "neck_tail_4",
            "time": [0.017, 1.017, 1.683],
            "transform": [[0.969, -0.243, 0.039, 0.0, 0.244, 0.969, 0.047, 0.626, 0.026, 0.055, 0.998, 0.0],
                [1, 0.022, 0.004, 0.0, 0.022, 0.99, 0.141, 0.626, 0.001, -0.141, 0.99, 0.0],
                [1, 0.022, 0.004, 0.0, 0.022, 0.99, 0.141, 0.626, 0.001, -0.141, 0.99, 0.0]
            ]
        },
        {
            "name": "neck_tail_5",
            "time": [0.017, 1.017, 1.683],
            "transform": [[0.95, -0.311, 0.024, 0.0, 0.312, 0.944, 0.106, 0.625, 0.01, -0.108, 0.994, 0.0],
                [1, 0.017, 0.005, 0.0, 0.017, 0.995, 0.102, 0.625, 0.003, -0.102, 0.995, 0.0],
                [1, 0.017, 0.005, 0.0, 0.017, 0.995, 0.102, 0.625, 0.003, -0.102, 0.995, 0.0]
            ]
        },
        {
            "name": "neck_tail_6",
            "time": [0.017, 1.017, 1.683],
            "transform": [[0.935, -0.353, 0.026, 0.0, 0.353, 0.927, 0.13, 0.623, 0.022, -0.131, 0.991, 0.0],
                [1, 0.013, 0.005, 0.0, 0.013, 0.998, 0.054, 0.623, 0.004, 0.055, 1.0, 0.0],
                [1, 0.013, 0.005, 0.0, 0.013, 0.998, 0.054, 0.623, 0.004, 0.055, 1.0, 0.0]
            ]
        },
        {
            "name": "neck_tail_7",
            "time": [0.017, 1.017, 1.683],
            "transform": [[0.931, -0.364, 0.025, 0.0, 0.364, 0.92, 0.146, 0.625, 0.03, -0.145, 0.989, 0.0],
                [1, 0.01, 0.004, 0.0, 0.01, 1, 0.002, 0.625, 0.004, 0.002, 1, 0.0],
                [1, 0.01, 0.004, 0.0, 0.01, 1, 0.002, 0.625, 0.004, 0.002, 1, 0.0]
            ]
        },
        {
            "name": "neck_tail_8",
            "time": [0.017, 1.017, 1.683],
            "transform": [[0.938, -0.347, 0.021, 0.0, 0.346, 0.926, 0.15, 0.625, 0.032, -0.148, 0.988, 0.0],
                [1, 0.007, 0.003, 0.0, 0.007, 1.0, 0.047, 0.625, 0.003, 0.047, 1.0, 0.0],
                [1, 0.007, 0.003, 0.0, 0.007, 1.0, 0.047, 0.625, 0.003, 0.047, 1.0, 0.0]
            ]
        },
        {
            "name": "neck_tail_9",
            "time": [0.017, 1.017, 1.683],
            "transform": [[0.952, -0.305, 0.016, 0.0, 0.304, 0.942, 0.142, 0.625, 0.029, -0.14, 0.99, 0.0],
                [1, 0.006, 0.002, 0.0, 0.005, 0.996, 0.089, 0.625, 0.003, 0.089, 0.996, 0.0],
                [1, 0.006, 0.002, 0.0, 0.005, 0.996, 0.089, 0.625, 0.003, 0.089, 0.996, 0.0]
            ]
        },
        {
            "name": "neck_tail_10",
            "time": [0.017, 1.017, 1.683],
            "transform": [[0.97, -0.244, 0.009, 0.0, 0.243, 0.962, 0.123, 0.626, 0.021, -0.122, 0.992, 0.0],
                [1, 0.004, 0.001, 0.0, 0.004, 0.993, -0.116, 0.626, 0.002, 0.116, 0.993, 0.0],
                [1, 0.004, 0.001, 0.0, 0.004, 0.993, -0.116, 0.626, 0.002, 0.116, 0.993, 0.0]
            ]
        },
        {
            "name": "neck_tail_11",
            "time": [0.017, 1.017, 1.683],
            "transform": [[0.987, -0.162, 0.01, 0.0, 0.162, 0.981, 0.108, 0.625, 0.007, -0.108, 0.994, 0.0],
                [1, 0.003, 0.001, 0.0, 0.003, 0.992, -0.124, 0.625, 0.001, 0.124, 0.992, 0.0],
                [1, 0.003, 0.001, 0.0, 0.003, 0.992, -0.124, 0.625, 0.001, 0.124, 0.992, 0.0]
            ]
        },
        {
            "name": "neck_tail_12",
            "time": [0.017, 1.017, 1.683],
            "transform": [[0.996, 0.086, 0.002, 0.0, 0.086, 0.995, 0.048, 0.625, 0.002, 0.048, 1.0, 0.0],
                [1, 0.001, 0.0, 0.0, 0.001, 0.968, -0.251, 0.625, 0, 0.251, 0.968, 0.0],
                [1, 0.001, 0.0, 0.0, 0.001, 0.968, -0.251, 0.625, 0, 0.251, 0.968, 0.0]
            ]
        },
        {
            "name": "right_front_leg",
            "time": [0.017, 0.267, 0.517, 0.767, 1.017, 1.683],
            "transform": [[-0.368, 0.923, -0.112, 0.75, 0.839, 0.277, -0.468, 2.943, -0.401, -0.266, -0.877, 0.056],
                [0.238, 0.937, -0.257, 0.75, 0.919, -0.302, -0.251, 2.939, -0.313, -0.177, -0.933, 0.073],
                [0.574, 0.568, -0.59, 0.75, 0.747, -0.659, 0.091, 2.931, -0.337, -0.493, -0.802, -0.111],
                [0.861, 0.213, -0.462, 0.75, 0.499, -0.534, 0.683, 2.922, -0.101, -0.818, -0.566, -0.154],
                [0.971, 0.147, -0.19, 0.75, 0.233, -0.391, 0.89, 2.917, 0.056, -0.909, -0.414, -0.176],
                [0.971, 0.147, -0.19, 0.75, 0.233, -0.391, 0.89, 2.917, 0.056, -0.909, -0.414, -0.176]
            ]
        },
        {
            "name": "right_front_leg_tip",
            "time": [0.017, 0.267, 0.517, 0.767, 1.017, 1.683],
            "transform": [[0.066, 0.819, 0.57, 0.0, -0.599, 0.49, -0.634, 1.253, -0.798, -0.299, 0.523, 0.0],
                [-0.4, 0.887, -0.229, 0.0, -0.552, -0.433, -0.712, 1.253, -0.731, -0.158, 0.663, 0.0],
                [0.156, 0.636, -0.755, 0.0, -0.629, -0.526, -0.573, 1.253, -0.762, 0.564, 0.318, 0.0],
                [0.828, 0.386, -0.406, 0.0, -0.401, 0.098, -0.911, 1.253, -0.391, 0.917, 0.074, 0.0],
                [1.0, 0.035, 0.019, 0.0, 0.025, 0.195, -0.98, 1.253, 0.031, 0.98, 0.196, 0.0],
                [1.0, 0.035, 0.019, 0.0, 0.025, 0.195, -0.98, 1.253, 0.031, 0.98, 0.196, 0.0]
            ]
        },
        {
            "name": "right_front_foot",
            "time": [0.017, 0.267, 0.517, 0.767, 1.017, 1.683],
            "transform": [[-0.558, 0.14, 0.818, 0.0, 0.011, 0.987, -0.161, 1.489, -0.829, 0.08, -0.553, 0.0],
                [-0.414, -0.476, 0.776, 0.0, -0.466, 0.843, 0.268, 1.489, -0.782, -0.25, -0.571, 0.0],
                [0.1, 0.497, 0.862, 0.0, -0.328, 0.834, -0.443, 1.489, -0.939, -0.239, 0.246, 0.0],
                [0.875, 0.15, 0.461, 0.0, 0.127, 0.847, -0.516, 1.489, -0.468, 0.51, 0.722, 0.0],
                [0.97, 0.22, 0.105, 0.0, -0.108, 0.775, -0.623, 1.489, -0.219, 0.593, 0.775, 0.0],
                [0.97, 0.22, 0.105, 0.0, -0.108, 0.775, -0.623, 1.489, -0.219, 0.593, 0.775, 0.0]
            ]
        },
        {
            "name": "left_front_leg",
            "time": [0.017, 0.267, 0.517, 0.767, 1.017, 1.683],
            "transform": [[-0.689, -0.346, 0.637, -0.75, -0.456, 0.89, 0.009, 2.943, -0.564, -0.296, -0.771, 0.056],
                [-0.584, -0.392, 0.711, -0.75, -0.491, 0.868, 0.075, 2.939, -0.646, -0.305, -0.699, 0.073],
                [-0.252, -0.473, 0.844, -0.75, -0.576, 0.774, 0.262, 2.931, -0.778, -0.421, -0.467, -0.111],
                [0.609, -0.7, 0.373, -0.75, -0.576, 0.067, 0.815, 2.922, -0.545, -0.711, -0.444, -0.154],
                [0.977, -0.151, 0.151, -0.75, -0.212, -0.629, 0.748, 2.917, 0.018, -0.763, -0.646, -0.176],
                [0.977, -0.151, 0.151, -0.75, -0.212, -0.629, 0.748, 2.917, 0.018, -0.763, -0.646, -0.176]
            ]
        },
        {
            "name": "left_front_leg_tip",
            "time": [0.017, 0.267, 0.517, 0.767, 1.017, 1.683],
            "transform": [[0.395, -0.485, -0.78, 0.0, 0.221, 0.875, -0.431, 1.253, 0.892, 0.002, 0.453, 0.0],
                [0.528, -0.386, -0.756, 0.0, 0.106, 0.914, -0.393, 1.253, 0.843, 0.127, 0.523, 0.0],
                [0.747, -0.191, -0.636, 0.0, 0.002, 0.957, -0.29, 1.253, 0.664, 0.218, 0.715, 0.0],
                [0.944, -0.326, 0.048, 0.0, 0.076, 0.073, -0.994, 1.253, 0.32, 0.943, 0.094, 0.0],
                [1, 0.007, 0.005, 0.0, 0.006, 0.103, -0.995, 1.253, 0.007, 0.995, 0.103, 0.0],
                [1, 0.007, 0.005, 0.0, 0.006, 0.103, -0.995, 1.253, 0.007, 0.995, 0.103, 0.0]
            ]
        },
        {
            "name": "left_front_foot",
            "time": [0.017, 0.267, 0.517, 0.767, 1.017, 1.683],
            "transform": [[0.298, 0.025, -0.954, 0.0, 0.095, 0.995, 0.004, 1.489, 0.95, 0.092, 0.299, 0.0],
                [0.319, -0.105, -0.942, 0.0, 0.092, 0.986, -0.141, 1.489, 0.943, 0.131, 0.305, 0.0],
                [0.437, -0.243, -0.866, 0.0, -0.293, 0.872, -0.392, 1.489, 0.85, 0.425, 0.31, 0.0],
                [0.81, -0.113, -0.575, 0.0, 0.207, 0.973, 0.101, 1.489, 0.548, -0.201, 0.812, 0.0],
                [0.977, -0.213, 0.025, 0.0, 0.121, 0.643, -0.757, 1.489, 0.177, 0.736, 0.653, 0.0],
                [0.977, -0.213, 0.025, 0.0, 0.121, 0.643, -0.757, 1.489, 0.177, 0.736, 0.653, 0.0]
            ]
        },
        {
            "name": "right_wing",
            "time": [0.017, 0.267, 0.517, 0.767, 1.017, 1.683],
            "transform": [[0.154, 0.895, 0.418, 0.75, -0.988, 0.154, 0.034, 2.861, 0.034, -0.418, 0.908, 0.745],
                [0.064, 0.888, 0.455, 0.75, -0.997, 0.032, 0.077, 2.861, 0.054, -0.458, 0.887, 0.745],
                [-0.132, 0.826, 0.548, 0.75, -0.954, -0.256, 0.155, 2.861, 0.268, -0.502, 0.822, 0.745],
                [-0.311, 0.677, 0.667, 0.75, -0.802, -0.563, 0.198, 2.861, 0.51, -0.474, 0.718, 0.745],
                [-0.377, 0.572, 0.728, 0.75, -0.684, -0.702, 0.197, 2.861, 0.624, -0.424, 0.656, 0.745],
                [-0.377, 0.572, 0.728, 0.75, -0.684, -0.702, 0.197, 2.861, 0.624, -0.424, 0.656, 0.745]
            ]
        },
        {
            "name": "right_wing_tip",
            "time": [0.017, 0.267, 0.517, 0.767, 1.017, 1.683],
            "transform": [[1, 0, 0.006, 0.0, 0.002, 0.941, -0.337, 3.5, 0.006, 0.337, 0.941, 0.0],
                [0.996, 0.081, 0.028, 0.0, 0.086, 0.95, -0.299, 3.5, 0.002, 0.3, 0.954, 0.0],
                [0.961, 0.269, 0.066, 0.0, -0.277, 0.939, -0.202, 3.5, 0.007, 0.212, 0.977, 0.0],
                [0.877, 0.472, 0.085, 0.0, -0.479, 0.874, 0.085, 3.5, 0.034, 0.115, 0.993, 0.0],
                [0.817, 0.571, 0.084, 0.0, -0.574, 0.818, 0.023, 3.5, 0.056, 0.067, 0.996, 0.0],
                [0.817, 0.571, 0.084, 0.0, -0.574, 0.818, 0.023, 3.5, 0.056, 0.067, 0.996, 0.0]
            ]
        },
        {
            "name": "left_wing",
            "time": [0.017, 0.267, 0.517, 0.767, 1.017, 1.683],
            "transform": [[0.323, -0.914, -0.244, -0.751, 0.944, 0.331, 0.011, 2.861, 0.071, -0.233, 0.97, 0.745],
                [0.208, -0.931, -0.3, -0.751, 0.978, 0.195, 0.072, 2.861, 0.008, -0.309, 0.951, 0.745],
                [0.054, -0.891, -0.45, -0.751, 0.973, -0.149, 0.177, 2.861, -0.225, -0.429, 0.875, 0.745],
                [-0.293, -0.713, -0.637, -0.751, 0.82, -0.53, 0.216, 2.861, -0.492, -0.459, 0.74, 0.745],
                [-0.377, -0.572, -0.728, -0.751, 0.684, -0.702, 0.197, 2.861, -0.624, -0.424, 0.656, 0.745],
                [-0.377, -0.572, -0.728, -0.751, 0.684, -0.702, 0.197, 2.861, -0.624, -0.424, 0.656, 0.745]
            ]
        },
        {
            "name": "left_wing_tip",
            "time": [0.017, 0.267, 0.517, 0.767, 1.017, 1.683],
            "transform": [[1, 0.001, 0.001, 0.0, 0.001, 0.953, -0.304, 3.5, 0.001, 0.304, 0.953, 0.0],
                [0.997, 0.081, 0.01, 0.0, 0.08, 0.962, -0.261, 3.5, 0.012, 0.26, 0.965, 0.0],
                [0.963, -0.268, 0.02, 0.0, 0.268, 0.951, -0.154, 3.5, 0.022, 0.153, 0.988, 0.0],
                [0.883, -0.468, 0.008, 0.0, 0.468, 0.883, 0.031, 3.5, 0.008, 0.031, 1.0, 0.0],
                [0.825, -0.564, 0.009, 0.0, 0.564, 0.825, 0.03, 3.5, 0.009, 0.03, 1.0, 0.0],
                [0.825, -0.564, 0.009, 0.0, 0.564, 0.825, 0.03, 3.5, 0.009, 0.03, 1.0, 0.0]
            ]
        },
        {
            "name": "neck",
            "time": [0.017, 1.017, 1.683],
            "transform": [[0.976, -0.216, 0.015, 0.0, 0.216, 0.973, 0.079, 3.494, 0.002, 0.08, 0.997, 0.0],
                [1.0, 0.0, 0.0, 0.0, 0.0, 0.92, 0.392, 3.494, 0.0, -0.392, 0.92, 0.0],
                [1.0, 0.0, 0.0, 0.0, 0.0, 0.92, 0.392, 3.494, 0.0, -0.392, 0.92, 0.0]
            ]
        },
        {
            "name": "neck2",
            "time": [0.017, 1.017, 1.683],
            "transform": [[1, 0.004, 0.01, 0.0, 0.005, 1, 0.018, 0.624, 0.01, 0.018, 1, 0.0],
                [1.0, 0.0, 0.0, 0.0, 0.0, 0.988, -0.151, 0.624, 0.0, 0.151, 0.988, 0.0],
                [1.0, 0.0, 0.0, 0.0, 0.0, 0.988, -0.151, 0.624, 0.0, 0.151, 0.988, 0.0]
            ]
        },
        {
            "name": "neck3",
            "time": [0.017, 1.017, 1.683],
            "transform": [[0.996, 0.085, 0.01, 0.0, 0.085, 0.993, 0.081, 0.627, 0.003, 0.081, 0.997, 0.0],
                [1.0, 0.0, 0.0, 0.0, 0.0, 0.989, -0.149, 0.627, 0.0, 0.149, 0.989, 0.0],
                [1.0, 0.0, 0.0, 0.0, 0.0, 0.989, -0.149, 0.627, 0.0, 0.149, 0.989, 0.0]
            ]
        },
        {
            "name": "neck4",
            "time": [0.017, 1.017, 1.683],
            "transform": [[0.989, 0.151, 0.006, 0.0, -0.15, 0.984, 0.097, 0.624, 0.02, 0.095, 0.995, 0.0],
                [1.0, 0.0, 0.0, 0.0, 0.0, 0.994, -0.109, 0.624, 0.0, 0.109, 0.994, 0.0],
                [1.0, 0.0, 0.0, 0.0, 0.0, 0.994, -0.109, 0.624, 0.0, 0.109, 0.994, 0.0]
            ]
        },
        {
            "name": "neck5",
            "time": [0.017, 1.017, 1.683],
            "transform": [[0.975, 0.221, 0.009, 0.0, -0.221, 0.973, 0.07, 0.624, 0.007, 0.071, 0.997, 0.0],
                [1.0, 0.0, 0.0, 0.0, 0.0, 0.998, 0.064, 0.624, 0.0, 0.064, 0.998, 0.0],
                [1.0, 0.0, 0.0, 0.0, 0.0, 0.998, 0.064, 0.624, 0.0, 0.064, 0.998, 0.0]
            ]
        },
        {
            "name": "head",
            "time": [0.017, 1.017, 1.683],
            "transform": [[0.983, 0.157, 0.098, 0.0, -0.135, 0.97, -0.201, 0.629, -0.127, 0.185, 0.975, 0.0],
                [1.0, 0.0, 0.0, 0.0, 0.0, 1, 0.014, 0.629, 0.0, 0.014, 1, 0.0],
                [1.0, 0.0, 0.0, 0.0, 0.0, 1, 0.014, 0.629, 0.0, 0.014, 1, 0.0]
            ]
        },
        {
            "name": "upperJaw",
            "time": [0.017, 0.267, 0.517, 0.767, 1.017, 1.683],
            "transform": [[1.0, 0.0, 0.0, 0.001, 0.0, 1.0, 0.0, 0.873, 0.0, 0.0, 1.0, -0.25],
                [1.0, 0.0, 0.0, 0.001, 0.0, 1, 0.008, 0.873, 0.0, 0.008, 1, -0.25],
                [1.0, 0.0, 0.0, 0.001, 0.0, 1, 0.025, 0.873, 0.0, 0.025, 1, -0.25],
                [1.0, 0.0, 0.0, 0.001, 0.0, 1.0, 0.045, 0.873, 0.0, 0.045, 1.0, -0.25],
                [1.0, 0.0, 0.0, 0.001, 0.0, 0.998, 0.056, 0.873, 0.0, 0.056, 0.998, -0.25],
                [1.0, 0.0, 0.0, 0.001, 0.0, 0.998, 0.056, 0.873, 0.0, 0.056, 0.998, -0.25]
            ]
        },
        {
            "name": "jaw",
            "time": [0.017, 0.267, 0.517, 0.767, 1.017, 1.683],
            "transform": [[1.0, 0.0, 0.0, 0.001, 0.0, 1.0, 0.0, 0.873, 0.0, 0.0, 1.0, -0.258],
                [1.0, 0.0, 0.0, 0.001, 0.0, 1.0, 0.0, 0.873, 0.0, 0.0, 1.0, -0.258],
                [1.0, 0.0, 0.0, 0.001, 0.0, 1.0, 0.0, 0.873, 0.0, 0.0, 1.0, -0.258],
                [1.0, 0.0, 0.0, 0.001, 0.0, 1.0, 0.0, 0.873, 0.0, 0.0, 1.0, -0.258],
                [1.0, 0.0, 0.0, 0.001, 0.0, 1.0, 0.0, 0.873, 0.0, 0.0, 1.0, -0.258],
                [1.0, 0.0, 0.0, 0.001, 0.0, 1.0, 0.0, 0.873, 0.0, 0.0, 1.0, -0.258]
            ]
        }
    ]
}