{
    "animation": [
        {
            "name": "root",
            "time": [0.0, 0.125, 0.25, 0.5, 0.6667, 1.0833, 2.0],
            "transform": [
                [0.978456, -0.160343, 0.130058, 0.0, 0.148622, 0.984285, 0.095362, -1.345899, -0.143305, -0.073978, 0.98691, 2.401968, 0.0, 0.0, 0.0, 1.0],
                [0.947522, -0.291997, 0.130152, 0.0, 0.264957, 0.945079, 0.191372, -1.728603, -0.178884, -0.146844, 0.97285, 2.237952, 0.0, 0.0, 0.0, 1.0],
                [0.939786, -0.316524, 0.128897, 0.0, 0.28619, 0.935005, 0.209431, -1.799854, -0.186809, -0.159932, 0.969291, 2.207416, 0.0, 0.0, 0.0, 1.0],
                [0.98135, 0.119359, 0.150686, 0.0, -0.135255, 0.985747, 0.10004, 0.003394, -0.136597, -0.118556, 0.983507, 2.401968, 0.0, 0.0, 0.0, 1.0],
                [0.849574, 0.478041, 0.222937, 0.0, -0.521533, 0.824529, 0.219443, 0.036576, -0.078916, -0.302702, 0.949812, 2.401968, 0.0, 0.0, 0.0, 1.0],
                [0.834133, 0.500697, 0.231355, 0.0, -0.546903, 0.805219, 0.229171, 0.054248, -0.071546, -0.317688, 0.945492, 2.401968, 0.0, 0.0, 0.0, 1.0],
                [1.0, 0.0, 0.0, 0.0, 0.0, 0.995298, 0.096864, -1.268548, 0.0, -0.096864, 0.995298, 2.538529, 0.0, 0.0, 0.0, 1.0]
            ]
        },
        {
            "name": "right_hind_leg",
            "time": [0.0, 0.125, 0.25, 0.4167, 0.5, 0.6667, 1.0833, 2.0],
            "transform": [
                [0.782724, 0.61954, 0.059263, 0.999854, -0.5739, 0.681649, 0.453864, 0.352899, 0.240791, -0.389262, 0.889098, -0.092457, 0.0, 0.0, 0.0, 1.0],
                [0.786784, 0.611385, -0.084723, 0.999854, -0.571382, 0.773364, 0.274643, 0.352899, 0.233435, -0.167675, 0.957806, -0.092457, 0.0, 0.0, 0.0, 1.0],
                [0.793644, 0.588534, -0.154127, 0.999855, -0.569758, 0.807841, 0.150892, 0.352899, 0.213315, -0.031939, 0.976461, -0.092457, 0.0, 0.0, 0.0, 1.0],
                [0.792005, 0.593203, -0.14435, 0.999855, -0.564815, 0.801701, 0.1956, 0.352899, 0.231756, -0.073385, 0.970002, -0.092458, 0.0, 0.0, 0.0, 1.0],
                [0.861917, 0.495057, 0.109623, 0.999855, -0.506724, 0.833258, 0.22116, 0.3529, 0.018142, -0.246171, 0.969056, -0.092457, 0.0, 0.0, 0.0, 1.0],
                [0.920282, 0.381858, 0.085238, 0.999855, -0.371979, 0.921465, -0.111959, 0.3529, -0.121297, 0.071327, 0.990049, -0.092456, 0.0, 0.0, 0.0, 1.0],
                [0.920282, 0.381858, 0.085238, 0.999855, -0.371979, 0.921465, -0.111959, 0.3529, -0.121297, 0.071328, 0.990049, -0.092456, 0.0, 0.0, 0.0, 1.0],
                [0.951026, 0.303076, 0.060767, 0.999854, -0.296791, 0.950254, -0.094508, 0.086326, -0.086388, 0.071845, 0.993667, -0.271296, 0.0, 0.0, 0.0, 1.0]
            ]
        },
        {
            "name": "right_hind_leg_tip",
            "time": [0.0, 0.125, 0.25, 0.4167, 0.5, 0.6667, 1.0833, 2.0],
            "transform": [
                [1.0, -0.0, 1e-06, -0.0, -1e-06, -0.443964, 0.896045, 1.692269, 0.0, -0.896045, -0.443964, -0.0, 0.0, 0.0, 0.0, 1.0],
                [1.0, 0.0, 1e-06, -0.0, -1e-06, -0.555181, 0.83173, 1.692269, 1e-06, -0.83173, -0.555181, 0.0, 0.0, 0.0, 0.0, 1.0],
                [1.0, 0.0, 1e-06, 0.0, -1e-06, -0.607799, 0.794091, 1.692269, 1e-06, -0.794091, -0.607799, 0.0, 0.0, 0.0, 0.0, 1.0],
                [0.999383, -0.030674, -0.017079, 0.0, -0.002387, -0.544714, 0.838619, 1.692268, -0.035027, -0.838061, -0.544452, -0.0, 0.0, 0.0, 0.0, 1.0],
                [0.999467, 0.0204, 0.025465, 0.0, -0.012559, -0.479797, 0.87729, 1.692268, 0.030114, -0.877143, -0.479285, 0.0, 0.0, 0.0, 0.0, 1.0],
                [1.0, -0.0, 1e-06, -0.0, -1e-06, -0.482527, 0.875881, 1.692269, 0.0, -0.875881, -0.482527, 0.0, 0.0, 0.0, 0.0, 1.0],
                [1.0, -0.0, 1e-06, -0.0, -1e-06, -0.482527, 0.875882, 1.692269, 0.0, -0.875882, -0.482527, 0.0, 0.0, 0.0, 0.0, 1.0],
                [1.0, 0.0, 0.0, 0.0, 0.0, -0.226321, 0.974053, 1.692269, 0.0, -0.974053, -0.226321, 0.0, 0.0, 0.0, 0.0, 1.0]
            ]
        },
        {
            "name": "right_hind_foot",
            "time": [0.0, 0.125, 0.25, 0.4167, 0.5, 0.6667, 1.0833, 2.0],
            "transform": [
                [0.98576, -0.008835, 0.167926, -0.0, 0.08113, -0.849717, -0.520959, 2.159911, 0.147293, 0.527165, -0.8369, 0.0, 0.0, 0.0, 0.0, 1.0],
                [0.987451, -0.017929, 0.156906, 0.0, 0.075064, -0.820846, -0.566195, 2.15991, 0.138947, 0.570867, -0.8092, -0.0, 0.0, 0.0, 0.0, 1.0],
                [0.988625, -0.021352, 0.14888, -0.0, 0.071052, -0.806151, -0.587429, 2.159912, 0.132563, 0.591325, -0.795464, -0.0, 0.0, 0.0, 0.0, 1.0],
                [0.989946, -0.031869, 0.137811, -0.0, 0.064791, -0.763902, -0.642071, 2.159911, 0.125736, 0.644545, -0.754157, -0.0, 0.0, 0.0, 0.0, 1.0],
                [0.999935, -0.008375, -0.007759, 0.0, -0.011354, -0.800752, -0.598889, 2.159911, -0.001197, 0.598938, -0.800795, -0.0, 0.0, 0.0, 0.0, 1.0],
                [0.998237, -0.004611, -0.059172, -0.0, -0.045811, -0.693729, -0.718778, 2.159911, -0.037735, 0.720221, -0.692717, -0.0, 0.0, 0.0, 0.0, 1.0],
                [0.998237, -0.004611, -0.059172, -0.0, -0.045811, -0.693729, -0.718778, 2.159912, -0.037735, 0.720221, -0.692717, -0.0, 0.0, 0.0, 0.0, 1.0],
                [0.982618, -0.177312, -0.054977, -0.0, -0.097299, -0.239702, -0.965958, 2.15991, 0.158098, 0.954517, -0.252788, -0.0, 0.0, 0.0, 0.0, 1.0]
            ]
        },
        {
            "name": "left_hind_leg",
            "time": [0.0, 1.0833, 2.0],
            "transform": [
                [0.764398, -0.566969, -0.306986, -0.999947, 0.438404, 0.107942, 0.892272, 0.352899, -0.472754, -0.816635, 0.331072, -0.092456, 0.0, 0.0, 0.0, 1.0],
                [0.764398, -0.566969, -0.306986, -0.999947, 0.438404, 0.107942, 0.892272, 0.3529, -0.472754, -0.816635, 0.331072, -0.092455, 0.0, 0.0, 0.0, 1.0],
                [0.965273, -0.259487, -0.030232, -0.999948, 0.122803, 0.348558, 0.929207, 0.086326, -0.23058, -0.900651, 0.368319, -0.271295, 0.0, 0.0, 0.0, 1.0]
            ]
        },
        {
            "name": "left_hind_leg_tip",
            "time": [0.0, 1.0833, 2.0],
            "transform": [
                [0.943433, 0.297213, 0.146965, 0.0, -0.159399, 0.017898, 0.987052, 1.692269, 0.290734, -0.954643, 0.064261, -0.0, 0.0, 0.0, 0.0, 1.0],
                [0.920952, 0.377226, 0.097716, 0.0, -0.158328, 0.133102, 0.978374, 1.692268, 0.356062, -0.916507, 0.182306, -0.0, 0.0, 0.0, 0.0, 1.0],
                [0.984145, 0.147824, 0.098016, 0.0, -0.080652, -0.11921, 0.989588, 1.692268, 0.15797, -0.981803, -0.105398, -0.0, 0.0, 0.0, 0.0, 1.0]
            ]
        },
        {
            "name": "left_hind_foot",
            "time": [0.0, 1.0833, 2.0],
            "transform": [
                [0.925996, -0.076305, -0.369741, 0.0, -0.261179, -0.836658, -0.481445, 2.159911, -0.27261, 0.542385, -0.794671, -0.0, 0.0, 0.0, 0.0, 1.0],
                [0.884809, -0.109739, -0.452847, 0.0, -0.30321, -0.873554, -0.380746, 2.159912, -0.353803, 0.474195, -0.806203, 0.0, 0.0, 0.0, 0.0, 1.0],
                [0.99576, 0.075185, -0.053, 0.0, 0.043857, -0.894492, -0.444927, 2.159912, -0.08086, 0.440716, -0.893997, -0.0, 0.0, 0.0, 0.0, 1.0]
            ]
        },
        {
            "name": "body",
            "time": [0.0, 0.4167, 0.5, 0.6667, 1.0833, 2.0],
            "transform": [
                [0.998477, 0.003427, -0.055069, 0.0, -0.007724, 0.996923, -0.078006, 0.273754, 0.054632, 0.078313, 0.995431, 0.0, 0.0, 0.0, 0.0, 1.0],
                [0.998477, 0.003427, -0.055069, -0.0, -0.007724, 0.996923, -0.078007, 0.273754, 0.054633, 0.078313, 0.995431, 0.0, 0.0, 0.0, 0.0, 1.0],
                [0.998477, 0.003427, -0.055069, -0.0, -0.007724, 0.996923, -0.078006, 0.273754, 0.054632, 0.078312, 0.995431, -0.0, 0.0, 0.0, 0.0, 1.0],
                [0.998477, 0.003427, -0.055069, -0.0, -0.007724, 0.996923, -0.078007, 0.273754, 0.054633, 0.078314, 0.995431, 0.0, 0.0, 0.0, 0.0, 1.0],
                [0.998477, 0.003427, -0.055069, 0.0, -0.007724, 0.996923, -0.078007, 0.273754, 0.054633, 0.078314, 0.995431, -0.0, 0.0, 0.0, 0.0, 1.0],
                [1.0, 0.0, 0.0, 0.0, 0.0, 0.995501, -0.094747, 0.273754, 0.0, 0.094747, 0.995501, 0.0, 0.0, 0.0, 0.0, 1.0]
            ]
        },
        {
            "name": "neck_tail_1",
            "time": [0.0, 0.2083, 0.7083, 1.125, 2.0],
            "transform": [
                [-0.917256, 0.372414, 0.141242, -1e-06, -0.385925, -0.918705, -0.083922, -0.516187, 0.098506, -0.131487, 0.986411, 0.429314, 0.0, 0.0, 0.0, 1.0],
                [-0.903727, 0.405951, 0.135945, -1e-06, -0.41695, -0.906646, -0.0644, -0.516187, 0.097111, -0.114882, 0.988621, 0.429314, 0.0, 0.0, 0.0, 1.0],
                [-0.862813, -0.472275, 0.180308, -1e-06, 0.444646, -0.878685, -0.173786, -0.516188, 0.240509, -0.069772, 0.968136, 0.429314, 0.0, 0.0, 0.0, 1.0],
                [-0.842141, -0.507473, 0.182401, -0.0, 0.478354, -0.85915, -0.181765, -0.516188, 0.248951, -0.06582, 0.966277, 0.429314, 0.0, 0.0, 0.0, 1.0],
                [-0.993934, 0.10895, 0.015013, 0.0, -0.10948, -0.993154, -0.040727, -0.516188, 0.010473, -0.042123, 0.999057, 0.429315, 0.0, 0.0, 0.0, 1.0]
            ]
        },
        {
            "name": "neck_tail_2",
            "time": [0.0, 0.2083, 0.7083, 1.125, 2.0],
            "transform": [
                [0.99593, 0.087121, 0.023074, -0.0, -0.089929, 0.977492, 0.190848, 0.615504, -0.005928, -0.192146, 0.981349, 0.0, 0.0, 0.0, 0.0, 1.0],
                [0.998637, 0.048982, 0.018031, -0.0, -0.051542, 0.979916, 0.192634, 0.615504, -0.008233, -0.1933, 0.981105, 0.0, 0.0, 0.0, 0.0, 1.0],
                [0.847447, 0.529729, 0.034947, -0.0, -0.521878, 0.819198, 0.237818, 0.615504, 0.097351, -0.219776, 0.970681, -0.0, 0.0, 0.0, 0.0, 1.0],
                [0.825311, 0.563343, 0.038802, 0.0, -0.554724, 0.796003, 0.242199, 0.615504, 0.105555, -0.221414, 0.96945, -0.0, 0.0, 0.0, 0.0, 1.0],
                [0.999239, 0.038748, -0.004275, 0.0, -0.037595, 0.986838, 0.157282, 0.615504, 0.010313, -0.157002, 0.987544, 0.0, 0.0, 0.0, 0.0, 1.0]
            ]
        },
        {
            "name": "neck_tail_3",
            "time": [0.0, 0.2083, 0.7083, 1.125, 2.0],
            "transform": [
                [0.998571, 0.050143, 0.018448, 0.0, -0.052478, 0.985326, 0.162414, 0.624616, -0.010034, -0.16315, 0.98655, -0.0, 0.0, 0.0, 0.0, 1.0],
                [0.999886, 0.013447, 0.00673, -0.0, -0.014371, 0.98627, 0.164511, 0.624616, -0.004425, -0.164589, 0.986352, -0.0, 0.0, 0.0, 0.0, 1.0],
                [0.844341, 0.524474, 0.109609, 0.0, -0.535639, 0.821146, 0.196999, 0.624616, 0.013316, -0.225046, 0.974257, 1e-06, 0.0, 0.0, 0.0, 1.0],
                [0.822005, 0.557052, 0.118323, 0.0, -0.569255, 0.797924, 0.198152, 0.624616, 0.015968, -0.230238, 0.973003, 0.0, 0.0, 0.0, 0.0, 1.0],
                [0.999581, 0.028935, -0.000441, -0.0, -0.028571, 0.989204, 0.14373, 0.624616, 0.004595, -0.143658, 0.989616, -0.0, 0.0, 0.0, 0.0, 1.0]
            ]
        },
        {
            "name": "neck_tail_4",
            "time": [0.0, 0.2083, 0.7083, 1.125, 2.0],
            "transform": [
                [0.999708, 0.01999, 0.013577, -0.0, -0.021328, 0.994046, 0.106852, 0.62624, -0.01136, -0.10711, 0.994182, 0.0, 0.0, 0.0, 0.0, 1.0],
                [0.999883, -0.015041, -0.002472, 0.0, 0.015221, 0.993932, 0.108938, 0.62624, 0.000818, -0.108963, 0.994045, -0.0, 0.0, 0.0, 0.0, 1.0],
                [0.890467, 0.433151, 0.139451, -0.0, -0.45104, 0.880735, 0.144455, 0.62624, -0.060249, -0.191531, 0.979635, -0.0, 0.0, 0.0, 0.0, 1.0],
                [0.871348, 0.46663, 0.151684, -0.0, -0.486566, 0.861619, 0.144452, 0.62624, -0.063288, -0.199673, 0.977816, -0.0, 0.0, 0.0, 0.0, 1.0],
                [0.99978, 0.020825, 0.002254, -0.0, -0.020946, 0.992751, 0.118343, 0.62624, 0.000227, -0.118364, 0.99297, -0.0, 0.0, 0.0, 0.0, 1.0]
            ]
        },
        {
            "name": "neck_tail_5",
            "time": [0.0, 0.0833, 0.2083, 0.7083, 1.125, 2.0],
            "transform": [
                [0.99995, -0.00303, 0.009567, -0.0, 0.002663, 0.99927, 0.038115, 0.624649, -0.009676, -0.038088, 0.999228, -0.0, 0.0, 0.0, 0.0, 1.0],
                [0.999902, -0.00749, 0.011841, -0.0, 0.006899, 0.998766, 0.049181, 0.624649, -0.012195, -0.049094, 0.99872, 0.0, 0.0, 0.0, 0.0, 1.0],
                [0.999275, -0.037185, -0.00822, 0.0, 0.037488, 0.998482, 0.040339, 0.624649, 0.006707, -0.040618, 0.999152, -0.0, 0.0, 0.0, 0.0, 1.0],
                [0.990476, 0.128686, 0.048969, -0.0, -0.132246, 0.988129, 0.078176, 0.624649, -0.038327, -0.083907, 0.995737, 0.0, 0.0, 0.0, 0.0, 1.0],
                [0.984096, 0.16612, 0.062928, -0.0, -0.170977, 0.981871, 0.081826, 0.624649, -0.048195, -0.091284, 0.994658, 0.0, 0.0, 0.0, 0.0, 1.0],
                [0.99989, 0.01439, 0.003578, 0.0, -0.014639, 0.996391, 0.083607, 0.624649, -0.002362, -0.08365, 0.996493, -0.0, 0.0, 0.0, 0.0, 1.0]
            ]
        },
        {
            "name": "neck_tail_6",
            "time": [0.0, 0.2083, 0.7083, 1.125, 2.0],
            "transform": [
                [0.999787, -0.019493, 0.00673, 0.0, 0.019601, 0.999675, -0.016313, 0.623273, -0.00641, 0.016442, 0.999844, 0.0, 0.0, 0.0, 0.0, 1.0],
                [0.998498, -0.053692, -0.01087, 0.0, 0.053542, 0.998473, -0.013637, 0.623273, 0.011586, 0.013035, 0.999848, -0.0, 0.0, 0.0, 0.0, 1.0],
                [0.991876, 0.11712, 0.049644, 0.0, -0.118713, 0.992462, 0.030442, 0.623273, -0.045704, -0.036088, 0.998303, 0.0, 0.0, 0.0, 0.0, 1.0],
                [0.985919, 0.154441, 0.064128, 0.0, -0.156828, 0.98704, 0.034004, 0.623273, -0.058046, -0.043583, 0.997362, 0.0, 0.0, 0.0, 0.0, 1.0],
                [0.999947, 0.009603, 0.003773, -0.0, -0.009756, 0.999036, 0.042804, 0.623273, -0.003359, -0.042839, 0.999076, -0.0, 0.0, 0.0, 0.0, 1.0]
            ]
        },
        {
            "name": "neck_tail_7",
            "time": [0.0, 0.2083, 0.7083, 1.125, 2.0],
            "transform": [
                [0.999539, -0.030019, 0.004475, 0.0, 0.030247, 0.997416, -0.065169, 0.625387, -0.002507, 0.065274, 0.997864, 0.0, 0.0, 0.0, 0.0, 1.0],
                [0.997818, -0.065065, -0.01118, -0.0, 0.064255, 0.996017, -0.06181, 0.625387, 0.015157, 0.060957, 0.998025, 0.0, 0.0, 0.0, 0.0, 1.0],
                [0.992348, 0.201651, 0.055613, -0.0, -0.129202, 1.544244, -0.014978, 0.625387, -0.05307, 0.011071, 1.076368, 0.0, 0.0, 0.0, 0.0, 1.0],
                [0.985881, 0.260327, 0.070053, 0.0, -0.167176, 1.535482, -0.011417, 0.625387, -0.065986, -0.000657, 1.075568, 0.0, 0.0, 0.0, 0.0, 1.0],
                [0.999975, 0.006272, 0.003228, -0.0, -0.006271, 0.99998, -0.00027, 0.625387, -0.003229, 0.00025, 0.999995, -0.0, 0.0, 0.0, 0.0, 1.0]
            ]
        },
        {
            "name": "neck_tail_8",
            "time": [0.0, 0.2083, 0.7083, 1.125, 2.0],
            "transform": [
                [0.999378, -0.035192, 0.002232, 0.0, 0.035234, 0.994018, -0.10338, 0.625387, 0.00142, 0.103394, 0.99464, 0.0, 0.0, 0.0, 0.0, 1.0],
                [0.997392, -0.071477, -0.009996, -0.0, 0.070138, 0.992587, -0.099259, 0.625386, 0.017016, 0.098299, 0.995012, -0.0, 0.0, 0.0, 0.0, 1.0],
                [1.204103, 0.215261, 0.063647, 0.0, -0.212208, 1.204822, -0.060187, 0.625387, -0.073184, 0.04814, 1.221711, -0.0, 0.0, 0.0, 0.0, 1.0],
                [0.983624, 0.172743, 0.051417, -0.0, -0.170264, 0.984167, -0.049261, 0.625387, -0.059112, 0.0397, 0.997462, 0.0, 0.0, 0.0, 0.0, 1.0],
                [0.999989, 0.004091, 0.002437, 0.0, -0.003987, 0.999148, -0.04108, 0.625387, -0.002603, 0.04107, 0.999153, -0.0, 0.0, 0.0, 0.0, 1.0]
            ]
        },
        {
            "name": "neck_tail_9",
            "time": [0.0, 0.2083, 0.7083, 1.125, 2.0],
            "transform": [
                [0.999368, -0.03554, -0.000122, -0.0, 0.035228, 0.99103, -0.128908, 0.624782, 0.004702, 0.128822, 0.991656, -0.0, 0.0, 0.0, 0.0, 1.0],
                [0.997304, -0.072961, -0.007808, -0.0, 0.071432, 0.989693, -0.124118, 0.624782, 0.016784, 0.123226, 0.992237, 0.0, 0.0, 0.0, 0.0, 1.0],
                [0.98335, 0.178851, 0.032174, -0.0, -0.175935, 0.98132, -0.077829, 0.624781, -0.045492, 0.070872, 0.996448, 0.0, 0.0, 0.0, 0.0, 1.0],
                [0.983908, 0.175802, 0.031906, 0.0, -0.172906, 0.981848, -0.077955, 0.624781, -0.045031, 0.071184, 0.996446, 0.0, 0.0, 0.0, 0.0, 1.0],
                [0.999995, 0.002683, 0.001568, 0.0, -0.002557, 0.997178, -0.075023, 0.62478, -0.001765, 0.075018, 0.997181, -0.0, 0.0, 0.0, 0.0, 1.0]
            ]
        },
        {
            "name": "neck_tail_10",
            "time": [0.0, 0.2083, 0.7083, 1.125, 2.0],
            "transform": [
                [0.999502, -0.031492, -0.002239, -0.0, 0.030817, 0.988574, -0.147546, 0.62586, 0.00686, 0.147404, 0.989053, 0.0, 0.0, 0.0, 0.0, 1.0],
                [0.997567, -0.069568, -0.004536, -0.0, 0.068217, 0.987471, -0.14229, 0.62586, 0.014378, 0.141635, 0.989815, 0.0, 0.0, 0.0, 0.0, 1.0],
                [0.9831, 0.182888, 0.008207, 0.0, -0.181253, 0.978657, -0.096835, 0.62586, -0.025742, 0.093711, 0.995267, -0.0, 0.0, 0.0, 0.0, 1.0],
                [0.983664, 0.179822, 0.008276, 0.0, -0.178191, 0.979204, -0.096989, 0.62586, -0.025544, 0.09393, 0.995251, -0.0, 0.0, 0.0, 0.0, 1.0],
                [0.999998, 0.001725, 0.000836, 0.0, -0.001635, 0.995178, -0.098071, 0.62586, -0.001001, 0.09807, 0.995179, -0.0, 0.0, 0.0, 0.0, 1.0]
            ]
        },
        {
            "name": "neck_tail_11",
            "time": [0.0, 0.2083, 0.7083, 1.125, 2.0],
            "transform": [
                [0.999714, -0.023492, -0.004255, -0.0, 0.022701, 0.99056, -0.135183, 0.62514, 0.00739, 0.135048, 0.990811, 0.0, 0.0, 0.0, 0.0, 1.0],
                [0.998103, -0.061531, -0.001601, -1e-06, 0.060803, 0.989686, -0.129706, 0.625141, 0.009566, 0.129363, 0.991551, -0.0, 0.0, 0.0, 0.0, 1.0],
                [0.982342, 0.186465, -0.015273, 0.0, -0.187076, 0.978013, -0.092159, 0.625141, -0.002247, 0.093389, 0.995627, 0.0, 0.0, 0.0, 0.0, 1.0],
                [0.982921, 0.183421, -0.014883, 0.0, -0.184008, 0.978576, -0.092354, 0.625141, -0.002375, 0.093515, 0.995615, -0.0, 0.0, 0.0, 0.0, 1.0],
                [0.999999, 0.001021, 0.000344, 0.0, -0.000979, 0.994279, -0.106808, 0.625141, -0.000451, 0.106807, 0.99428, -0.0, 0.0, 0.0, 0.0, 1.0]
            ]
        },
        {
            "name": "neck_tail_12",
            "time": [0.0, 0.2083, 0.7083, 1.125, 2.0],
            "transform": [
                [0.999904, -0.012716, -0.005268, -0.0, 0.011632, 0.985288, -0.17051, 0.624676, 0.007359, 0.170432, 0.985342, 0.0, 0.0, 0.0, 0.0, 1.0],
                [0.998751, -0.049822, 0.003587, -0.0, 0.049731, 0.985042, -0.164985, 0.624676, 0.004687, 0.164957, 0.98629, 0.0, 0.0, 0.0, 0.0, 1.0],
                [0.981183, 0.185259, -0.054397, -0.0, -0.19191, 0.966702, -0.169288, 0.624676, 0.021223, 0.176542, 0.984064, 0.0, 0.0, 0.0, 0.0, 1.0],
                [0.981781, 0.18234, -0.053454, -0.0, -0.188874, 0.967249, -0.16958, 0.624676, 0.020782, 0.176586, 0.984066, -0.0, 0.0, 0.0, 0.0, 1.0],
                [1.0, 0.000481, 4.6e-05, -0.0, -0.000456, 0.971271, -0.237976, 0.624677, -0.000159, 0.237976, 0.971271, 0.0, 0.0, 0.0, 0.0, 1.0]
            ]
        },
        {
            "name": "right_front_leg",
            "time": [0.0, 0.125, 0.25, 0.4167, 0.6667, 1.0833, 2.0],
            "transform": [
                [0.96529, 0.207516, -0.158594, 0.749745, 0.161424, 0.003336, 0.98688, 2.931931, 0.205323, -0.978226, -0.030278, -0.106382, 0.0, 0.0, 0.0, 1.0],
                [0.926757, 0.324715, -0.188892, 0.749746, 0.126427, 0.203893, 0.970795, 2.931932, 0.353747, -0.923573, 0.147906, -0.106383, 0.0, 0.0, 0.0, 1.0],
                [0.894985, 0.40187, -0.193652, 0.749746, 0.083932, 0.274655, 0.957873, 2.931933, 0.438129, -0.873535, 0.212082, -0.106383, 0.0, 0.0, 0.0, 1.0],
                [0.922223, 0.228689, -0.311778, 0.749746, 0.385806, -0.490752, 0.781227, 2.931933, 0.025652, -0.840753, -0.540813, -0.106383, 0.0, 0.0, 0.0, 1.0],
                [0.907767, 0.403914, 0.11319, 0.749744, 0.349263, -0.877237, 0.329349, 2.931931, 0.232324, -0.25944, -0.937399, -0.106382, 0.0, 0.0, 0.0, 1.0],
                [0.90877, 0.401582, 0.113439, 0.749744, 0.352203, -0.883924, 0.307623, 2.931931, 0.223808, -0.239605, -0.944721, -0.106382, 0.0, 0.0, 0.0, 1.0],
                [0.976868, 0.13781, -0.163514, 0.749745, 0.213616, -0.593675, 0.775833, 2.917176, 0.009843, -0.792816, -0.609383, -0.176387, 0.0, 0.0, 0.0, 1.0]
            ]
        },
        {
            "name": "right_front_leg_tip",
            "time": [0.0, 0.125, 0.25, 0.3333, 0.4167, 0.6667, 1.0833, 2.0],
            "transform": [
                [0.99256, 0.116875, -0.034137, -0.0, -0.09624, 0.581328, -0.807957, 1.253495, -0.074586, 0.805231, 0.588251, -0.0, 0.0, 0.0, 0.0, 1.0],
                [0.884388, 0.444744, -0.14164, -0.0, -0.395002, 0.551474, -0.734745, 1.253495, -0.248662, 0.705746, 0.663392, -0.0, 0.0, 0.0, 0.0, 1.0],
                [0.867399, 0.466894, -0.172131, 0.0, -0.4407, 0.560128, -0.701455, 1.253495, -0.23109, 0.6843, 0.691615, 0.0, 0.0, 0.0, 0.0, 1.0],
                [0.772373, 0.573337, -0.273358, -0.0, -0.506049, 0.29536, -0.810356, 1.253495, -0.383868, 0.764229, 0.518265, -0.0, 0.0, 0.0, 0.0, 1.0],
                [0.685764, 0.622618, -0.376927, -0.0, -0.530323, 0.072755, -0.844668, 1.253495, -0.498482, 0.779136, 0.380082, -0.0, 0.0, 0.0, 0.0, 1.0],
                [0.911985, -0.21166, 0.351403, 0.0, 0.256295, -0.374868, -0.890947, 1.253495, 0.320307, 0.902593, -0.287627, -0.0, 0.0, 0.0, 0.0, 1.0],
                [0.907513, -0.222165, 0.356459, 0.0, 0.246238, -0.406122, -0.880018, 1.253495, 0.340275, 0.886401, -0.313855, -0.0, 0.0, 0.0, 0.0, 1.0],
                [0.999991, 0.000641, -0.004127, -0.0, -0.004136, 0.289174, -0.957268, 1.253495, 0.00058, 0.957276, 0.289174, -0.0, 0.0, 0.0, 0.0, 1.0]
            ]
        },
        {
            "name": "right_front_foot",
            "time": [0.0, 0.125, 0.25, 0.4167, 0.6667, 1.0833, 2.0],
            "transform": [
                [0.976214, 0.021007, 0.21579, 0.0, 0.10924, 0.81207, -0.573245, 1.488528, -0.187279, 0.583182, 0.790459, 0.0, 0.0, 0.0, 0.0, 1.0],
                [0.854528, -0.018728, 0.519068, 0.0, 0.269678, 0.870091, -0.412572, 1.488528, -0.443909, 0.492535, 0.748568, -0.0, 0.0, 0.0, 0.0, 1.0],
                [0.765888, -0.061149, 0.64006, 0.0, 0.302915, 0.912389, -0.275298, 1.488528, -0.567149, 0.404732, 0.717311, -0.0, 0.0, 0.0, 0.0, 1.0],
                [0.704109, 0.290002, 0.648174, -0.0, 0.157273, 0.826444, -0.540608, 1.488528, -0.692457, 0.482587, 0.536297, -0.0, 0.0, 0.0, 0.0, 1.0],
                [0.975282, 0.031463, -0.21871, -0.0, -0.213711, 0.385793, -0.897492, 1.488528, 0.056139, 0.922049, 0.382981, 0.0, 0.0, 0.0, 0.0, 1.0],
                [0.970035, 0.02948, -0.241168, 0.0, -0.234127, 0.378675, -0.895427, 1.488528, 0.064928, 0.92506, 0.374231, -0.0, 0.0, 0.0, 0.0, 1.0],
                [0.976941, 0.213428, 0.005935, -0.0, -0.120129, 0.572432, -0.811105, 1.488528, -0.17651, 0.791688, 0.584871, -0.0, 0.0, 0.0, 0.0, 1.0]
            ]
        },
        {
            "name": "left_front_leg",
            "time": [0.0, 0.6667, 1.125, 2.0],
            "transform": [
                [0.9785, -0.203163, -0.035531, -0.749883, 0.025071, -0.05383, 0.998236, 2.931931, -0.204718, -0.977664, -0.04758, -0.106381, 0.0, 0.0, 0.0, 1.0],
                [0.83627, -0.546696, -0.042131, -0.749884, -0.065673, -0.17615, 0.98217, 2.924553, -0.544371, -0.818592, -0.183213, -0.141385, 0.0, 0.0, 0.0, 1.0],
                [0.83627, -0.546696, -0.042131, -0.749883, -0.065673, -0.17615, 0.98217, 2.924553, -0.544371, -0.818592, -0.183213, -0.141385, 0.0, 0.0, 0.0, 1.0],
                [0.970296, -0.133087, 0.202024, -0.749884, -0.237462, -0.364347, 0.900479, 2.917176, -0.046235, -0.921704, -0.385129, -0.176387, 0.0, 0.0, 0.0, 1.0]
            ]
        },
        {
            "name": "left_front_leg_tip",
            "time": [0.0, 0.6667, 1.125, 2.0],
            "transform": [
                [0.962645, -0.256599, -0.086437, -0.0, 0.097661, 0.626786, -0.773046, 1.253495, 0.25254, 0.735728, 0.628433, -0.0, 0.0, 0.0, 0.0, 1.0],
                [0.851816, -0.458328, 0.253665, 0.0, 0.444896, 0.377323, -0.812215, 1.253495, 0.276547, 0.804712, 0.525317, -0.0, 0.0, 0.0, 0.0, 1.0],
                [0.851816, -0.458328, 0.253665, -0.0, 0.444896, 0.377323, -0.812215, 1.253495, 0.276547, 0.804712, 0.525318, 0.0, 0.0, 0.0, 0.0, 1.0],
                [0.999591, -0.025416, 0.013122, 0.0, 0.021754, 0.377645, -0.925694, 1.253495, 0.018572, 0.925601, 0.378043, -0.0, 0.0, 0.0, 0.0, 1.0]
            ]
        },
        {
            "name": "left_front_foot",
            "time": [0.0, 0.6667, 1.125, 2.0],
            "transform": [
                [0.954335, -0.200028, -0.221887, -0.0, 0.048808, 0.837165, -0.544769, 1.488528, 0.294726, 0.509062, 0.808698, -0.0, 0.0, 0.0, 0.0, 1.0],
                [1.0, -0.0, 0.0, 0.0, 0.0, 0.646395, -0.763003, 1.488527, 0.0, 0.763003, 0.646395, -1e-06, 0.0, 0.0, 0.0, 1.0],
                [1.0, -0.0, 0.0, 0.0, 0.0, 0.646395, -0.763003, 1.488527, 0.0, 0.763003, 0.646395, -1e-06, 0.0, 0.0, 0.0, 1.0],
                [0.970379, -0.227651, -0.080873, -0.0, 0.106393, 0.703234, -0.702952, 1.488528, 0.2169, 0.673526, 0.706624, 0.0, 0.0, 0.0, 0.0, 1.0]
            ]
        },
        {
            "name": "right_wing",
            "time": [0.0, 0.125, 0.25, 0.4167, 0.5417, 0.8333, 1.0833, 2.0],
            "transform": [
                [-0.437664, 0.56881, 0.696352, 0.749483, -0.697139, -0.703779, 0.136718, 2.866106, 0.567844, -0.425617, 0.704559, 0.728535, 0.0, 0.0, 0.0, 1.0],
                [-0.437664, 0.56881, 0.696352, 0.749483, -0.697139, -0.703779, 0.136718, 2.866106, 0.567845, -0.425617, 0.704558, 0.728534, 0.0, 0.0, 0.0, 1.0],
                [-0.437664, 0.56881, 0.696352, 0.749483, -0.697139, -0.70378, 0.136718, 2.866106, 0.567845, -0.425617, 0.704558, 0.728535, 0.0, 0.0, 0.0, 1.0],
                [-0.437664, 0.56881, 0.696352, 0.749483, -0.697139, -0.703779, 0.136718, 2.866107, 0.567845, -0.425617, 0.704558, 0.728535, 0.0, 0.0, 0.0, 1.0],
                [-0.377683, 0.660353, 0.649068, 0.748812, -0.721667, -0.649125, 0.240484, 2.874238, 0.580131, -0.377585, 0.721719, 0.711242, 0.0, 0.0, 0.0, 1.0],
                [-0.487136, 0.49484, 0.719606, 0.749483, -0.657206, -0.750351, 0.071087, 2.866106, 0.575133, -0.4383, 0.690735, 0.728534, 0.0, 0.0, 0.0, 1.0],
                [-0.487136, 0.49484, 0.719605, 0.749483, -0.657206, -0.750351, 0.071087, 2.866106, 0.575133, -0.4383, 0.690735, 0.728534, 0.0, 0.0, 0.0, 1.0],
                [-0.376968, 0.572061, 0.728451, 0.749813, -0.684113, -0.702158, 0.197389, 2.861323, 0.624407, -0.423934, 0.656046, 0.744816, 0.0, 0.0, 0.0, 1.0]
            ]
        },
        {
            "name": "right_wing_tip",
            "time": [0.0, 0.125, 0.25, 0.4167, 0.5, 0.6667, 1.0833, 2.0],
            "transform": [
                [0.810068, 0.586327, 0.003244, -0.0, -0.586319, 0.809992, 0.011959, 3.499784, 0.004384, -0.011589, 0.999923, 0.0, 0.0, 0.0, 0.0, 1.0],
                [0.810068, 0.586327, 0.003242, -0.0, -0.586319, 0.809992, 0.011952, 3.499784, 0.004382, -0.011583, 0.999923, 0.0, 0.0, 0.0, 0.0, 1.0],
                [0.810068, 0.586326, 0.003241, 0.0, -0.586319, 0.809992, 0.01195, 3.499784, 0.004381, -0.01158, 0.999924, -0.0, 0.0, 0.0, 0.0, 1.0],
                [0.810068, 0.586326, 0.003241, -0.0, -0.586319, 0.809992, 0.01195, 3.499784, 0.004381, -0.01158, 0.999923, -0.0, 0.0, 0.0, 0.0, 1.0],
                [0.810068, 0.586327, 0.00324, -0.0, -0.586319, 0.809992, 0.011945, 3.499784, 0.004379, -0.011576, 0.999924, -0.0, 0.0, 0.0, 0.0, 1.0],
                [0.810068, 0.586327, 0.003242, -0.0, -0.586319, 0.809992, 0.011953, 3.499785, 0.004382, -0.011584, 0.999923, -0.0, 0.0, 0.0, 0.0, 1.0],
                [0.810068, 0.586327, 0.003242, 0.0, -0.586319, 0.809992, 0.011954, 3.499784, 0.004383, -0.011585, 0.999923, -0.0, 0.0, 0.0, 0.0, 1.0],
                [0.825491, 0.564337, 0.009405, -0.0, -0.564337, 0.824984, 0.030415, 3.499784, 0.009405, -0.030415, 0.999493, 0.0, 0.0, 0.0, 0.0, 1.0]
            ]
        },
        {
            "name": "left_wing",
            "time": [0.0, 0.125, 0.25, 0.4167, 0.5417, 0.8333, 1.0833, 2.0],
            "transform": [
                [-0.484246, -0.584948, -0.650647, -0.75035, 0.671612, -0.725131, 0.152062, 2.856542, -0.560752, -0.363346, 0.744, 0.761098, 0.0, 0.0, 0.0, 1.0],
                [-0.484247, -0.584948, -0.650647, -0.75035, 0.671611, -0.725131, 0.152062, 2.856541, -0.560753, -0.363346, 0.744, 0.761097, 0.0, 0.0, 0.0, 1.0],
                [-0.484247, -0.584948, -0.650647, -0.75035, 0.671611, -0.725132, 0.152062, 2.856542, -0.560753, -0.363346, 0.744, 0.761097, 0.0, 0.0, 0.0, 1.0],
                [-0.484247, -0.584948, -0.650647, -0.75035, 0.671611, -0.725131, 0.152062, 2.856541, -0.560753, -0.363346, 0.744, 0.761097, 0.0, 0.0, 0.0, 1.0],
                [-0.53507, -0.485179, -0.691594, -0.749679, 0.591406, -0.799708, 0.103469, 2.84841, -0.603274, -0.35365, 0.714837, 0.778389, 0.0, 0.0, 0.0, 1.0],
                [-0.38137, -0.716228, -0.584444, -0.75035, 0.750431, -0.609059, 0.25671, 2.856539, -0.539824, -0.340683, 0.769757, 0.761097, 0.0, 0.0, 0.0, 1.0],
                [-0.38137, -0.716228, -0.584444, -0.75035, 0.750431, -0.609059, 0.25671, 2.85654, -0.539824, -0.340683, 0.769757, 0.761097, 0.0, 0.0, 0.0, 1.0],
                [-0.376968, -0.572061, -0.728451, -0.75068, 0.684114, -0.702158, 0.197389, 2.861322, -0.624407, -0.423934, 0.656046, 0.744816, 0.0, 0.0, 0.0, 1.0]
            ]
        },
        {
            "name": "left_wing_tip",
            "time": [0.0, 0.125, 0.25, 0.4167, 0.5, 0.6667, 1.0833, 2.0],
            "transform": [
                [0.807048, -0.589641, 0.031572, 0.0, 0.59018, 0.807196, -0.011025, 3.499784, -0.018984, 0.027531, 0.999441, -0.0, 0.0, 0.0, 0.0, 1.0],
                [0.807048, -0.589641, 0.031568, 0.0, 0.59018, 0.807196, -0.011024, 3.499785, -0.018982, 0.027528, 0.999441, 0.0, 0.0, 0.0, 0.0, 1.0],
                [0.807048, -0.589641, 0.031567, -0.0, 0.59018, 0.807196, -0.011023, 3.499784, -0.018981, 0.027527, 0.999441, 0.0, 0.0, 0.0, 0.0, 1.0],
                [0.807048, -0.589641, 0.031569, 0.0, 0.59018, 0.807196, -0.011024, 3.499784, -0.018982, 0.027528, 0.999441, 0.0, 0.0, 0.0, 0.0, 1.0],
                [0.807048, -0.589641, 0.031569, 0.0, 0.59018, 0.807196, -0.011024, 3.499785, -0.018982, 0.027528, 0.999441, 0.0, 0.0, 0.0, 0.0, 1.0],
                [0.807048, -0.589641, 0.031572, 0.0, 0.59018, 0.807196, -0.011025, 3.499784, -0.018984, 0.02753, 0.999441, 0.0, 0.0, 0.0, 0.0, 1.0],
                [0.807048, -0.589641, 0.031572, -0.0, 0.59018, 0.807196, -0.011025, 3.499784, -0.018984, 0.027531, 0.999441, -0.0, 0.0, 0.0, 0.0, 1.0],
                [0.816789, -0.570762, 0.084183, 0.0, 0.57421, 0.818397, -0.022557, 3.499784, -0.05602, 0.066763, 0.996195, -0.0, 0.0, 0.0, 0.0, 1.0]
            ]
        },
        {
            "name": "neck",
            "time": [0.0, 0.125, 0.25, 0.4167, 0.5, 0.6667, 1.0833, 2.0],
            "transform": [
                [0.999904, 0.013874, 0.000565, 0.0, -0.013874, 0.996589, 0.081357, 3.493826, 0.000565, -0.081357, 0.996685, 2e-06, 0.0, 0.0, 0.0, 1.0],
                [0.999904, 0.013874, 0.000565, 0.0, -0.013874, 0.996589, 0.081356, 3.493828, 0.000565, -0.081356, 0.996685, 2e-06, 0.0, 0.0, 0.0, 1.0],
                [0.999904, 0.013875, 0.000565, 0.0, -0.013875, 0.996589, 0.081356, 3.493829, 0.000565, -0.081356, 0.996685, 2e-06, 0.0, 0.0, 0.0, 1.0],
                [0.999904, 0.013874, 0.000565, 0.0, -0.013874, 0.996589, 0.081355, 3.493828, 0.000565, -0.081355, 0.996685, 2e-06, 0.0, 0.0, 0.0, 1.0],
                [0.93299, 0.352866, 0.070823, -0.0, -0.356225, 0.93346, 0.04191, 3.493829, -0.051322, -0.064331, 0.996608, 3e-06, 0.0, 0.0, 0.0, 1.0],
                [0.507164, 0.835432, 0.211753, 2e-06, -0.83785, 0.535506, -0.106026, 3.493827, -0.201972, -0.123645, 0.971555, 2e-06, 0.0, 0.0, 0.0, 1.0],
                [0.197924, 0.95015, 0.240917, 3e-06, -0.946734, 0.24899, -0.204205, 3.493826, -0.254011, -0.187667, 0.94882, 1e-06, 0.0, 0.0, 0.0, 1.0],
                [1.0, 0.0, 0.0, 0.0, 0.0, 0.919809, 0.392368, 3.493828, 0.0, -0.392368, 0.919809, 2e-06, 0.0, 0.0, 0.0, 1.0]
            ]
        },
        {
            "name": "neck2",
            "time": [0.0, 0.25, 0.4167, 0.5, 0.6667, 1.0833, 2.0],
            "transform": [
                [0.999526, -0.030674, 0.002782, -0.0, 0.030674, 0.983211, -0.179876, 0.623755, 0.002782, 0.179876, 0.983685, -0.0, 0.0, 0.0, 0.0, 1.0],
                [0.999526, -0.030674, 0.002782, -0.0, 0.030674, 0.983211, -0.179876, 0.623754, 0.002782, 0.179876, 0.983685, -0.0, 0.0, 0.0, 0.0, 1.0],
                [0.999526, -0.030674, 0.002782, -0.0, 0.030674, 0.983211, -0.179876, 0.623754, 0.002782, 0.179876, 0.983685, 0.0, 0.0, 0.0, 0.0, 1.0],
                [0.995726, -0.091859, 0.009544, 0.0, 0.091734, 0.971804, -0.217215, 0.623755, 0.010679, 0.217162, 0.976077, -0.0, 0.0, 0.0, 0.0, 1.0],
                [0.984041, -0.177325, 0.014844, 0.0, 0.177286, 0.969798, -0.167515, 0.623755, 0.015309, 0.167473, 0.985758, -0.0, 0.0, 0.0, 0.0, 1.0],
                [0.976197, -0.216392, 0.01462, -0.0, 0.216392, 0.967218, -0.132906, 0.623755, 0.01462, 0.132906, 0.991021, 0.0, 0.0, 0.0, 0.0, 1.0],
                [1.0, 0.0, 0.0, 0.0, 0.0, 0.988476, -0.151382, 0.623754, 0.0, 0.151382, 0.988475, -0.0, 0.0, 0.0, 0.0, 1.0]
            ]
        },
        {
            "name": "neck3",
            "time": [0.0, 0.125, 0.25, 0.4167, 0.5, 0.6667, 1.0833, 2.0],
            "transform": [
                [0.998489, -0.054239, 0.008862, -0.0, 0.054239, 0.946517, -0.31806, 0.626764, 0.008863, 0.31806, 0.948029, -0.0, 0.0, 0.0, 0.0, 1.0],
                [0.998489, -0.05424, 0.008863, -0.0, 0.05424, 0.946517, -0.31806, 0.626763, 0.008863, 0.31806, 0.948029, 0.0, 0.0, 0.0, 0.0, 1.0],
                [0.998489, -0.05424, 0.008863, -0.0, 0.05424, 0.946517, -0.318061, 0.626764, 0.008863, 0.318061, 0.948029, 0.0, 0.0, 0.0, 0.0, 1.0],
                [0.998489, -0.05424, 0.008862, 0.0, 0.05424, 0.946518, -0.31806, 0.626765, 0.008863, 0.31806, 0.948029, -0.0, 0.0, 0.0, 0.0, 1.0],
                [0.993, -0.116183, 0.021287, 0.0, 0.11592, 0.923973, -0.364466, 0.626764, 0.022676, 0.364382, 0.930973, -0.0, 0.0, 0.0, 0.0, 1.0],
                [0.965614, -0.257548, 0.035484, -0.0, 0.257469, 0.928406, -0.267902, 0.626764, 0.036054, 0.267826, 0.962792, -0.0, 0.0, 0.0, 0.0, 1.0],
                [0.944947, -0.325471, 0.033813, 0.0, 0.325472, 0.924179, -0.199902, 0.626764, 0.033813, 0.199902, 0.979232, -0.0, 0.0, 0.0, 0.0, 1.0],
                [1.0, 0.0, 0.0, 0.0, 0.0, 0.988876, -0.148738, 0.626764, 0.0, 0.148738, 0.988876, 0.0, 0.0, 0.0, 0.0, 1.0]
            ]
        },
        {
            "name": "neck4",
            "time": [0.0, 0.25, 0.4167, 0.5, 0.6667, 1.0833, 2.0],
            "transform": [
                [0.9985, -0.054028, 0.008792, -0.0, 0.054028, 0.946944, -0.316825, 0.624224, 0.008792, 0.316825, 0.948443, -0.0, 0.0, 0.0, 0.0, 1.0],
                [0.9985, -0.054028, 0.008792, 0.0, 0.054028, 0.946944, -0.316825, 0.624224, 0.008792, 0.316825, 0.948443, -0.0, 0.0, 0.0, 0.0, 1.0],
                [0.998501, -0.054027, 0.008792, -0.0, 0.054027, 0.946944, -0.316824, 0.624224, 0.008792, 0.316824, 0.948444, -0.0, 0.0, 0.0, 0.0, 1.0],
                [0.994346, -0.104463, 0.019038, -0.0, 0.104256, 0.92646, -0.361667, 0.624224, 0.020143, 0.361607, 0.932113, -0.0, 0.0, 0.0, 0.0, 1.0],
                [0.969491, -0.242948, 0.032604, -0.0, 0.242887, 0.934161, -0.261436, 0.624224, 0.033058, 0.261379, 0.96467, -0.0, 0.0, 0.0, 0.0, 1.0],
                [0.950074, -0.310513, 0.030664, -0.0, 0.310513, 0.931241, -0.190715, 0.624224, 0.030664, 0.190715, 0.981167, -0.0, 0.0, 0.0, 0.0, 1.0],
                [1.0, 0.0, 0.0, 0.0, 0.0, 0.994033, -0.109084, 0.624224, 0.0, 0.109084, 0.994033, -0.0, 0.0, 0.0, 0.0, 1.0]
            ]
        },
        {
            "name": "neck5",
            "time": [0.0, 0.25, 0.4167, 0.5, 0.6667, 1.0833, 2.0],
            "transform": [
                [0.999437, -0.033367, 0.003297, 0.0, 0.033367, 0.980103, -0.195669, 0.624444, 0.003297, 0.195669, 0.980665, 0.0, 0.0, 0.0, 0.0, 1.0],
                [0.999438, -0.033367, 0.003297, 0.0, 0.033367, 0.980103, -0.195668, 0.624445, 0.003297, 0.195668, 0.980665, 1e-06, 0.0, 0.0, 0.0, 1.0],
                [0.999438, -0.033367, 0.003297, 0.0, 0.033367, 0.980103, -0.195668, 0.624444, 0.003297, 0.195668, 0.980665, 0.0, 0.0, 0.0, 0.0, 1.0],
                [0.998052, -0.062008, 0.006893, 0.0, 0.061973, 0.972569, -0.22421, 0.624445, 0.007199, 0.224201, 0.974517, -1e-06, 0.0, 0.0, 0.0, 1.0],
                [0.989158, -0.146378, 0.011825, 0.0, 0.146367, 0.976125, -0.160494, 0.624445, 0.01195, 0.160485, 0.986966, 0.0, 0.0, 0.0, 0.0, 1.0],
                [0.981938, -0.188876, 0.011093, -0.0, 0.188876, 0.975125, -0.116006, 0.624445, 0.011093, 0.116006, 0.993187, -0.0, 0.0, 0.0, 0.0, 1.0],
                [1.0, 0.0, 0.0, 0.0, 0.0, 0.997975, -0.063613, 0.624444, 0.0, 0.063613, 0.997975, 0.0, 0.0, 0.0, 0.0, 1.0]
            ]
        },
        {
            "name": "head",
            "time": [0.0, 0.125, 0.25, 0.4167, 0.5, 0.6667, 1.0833, 2.0],
            "transform": [
                [0.951553, 0.307272, -0.011458, -0.0, -0.143613, 0.477071, 0.867052, 0.629229, 0.271887, -0.8234, 0.498086, 1e-06, 0.0, 0.0, 0.0, 1.0],
                [0.914074, 0.399946, -0.067176, 0.0, -0.19121, 0.571093, 0.798305, 0.629229, 0.357643, -0.716865, 0.598495, -0.0, 0.0, 0.0, 0.0, 1.0],
                [0.898425, 0.430966, -0.084272, -0.0, -0.217451, 0.603346, 0.76726, 0.629229, 0.381508, -0.671001, 0.635775, -0.0, 0.0, 0.0, 0.0, 1.0],
                [0.963888, 0.264425, -0.03161, 0.0, -0.104431, 0.4845, 0.868536, 0.629228, 0.244977, -0.83387, 0.494618, 0.0, 0.0, 0.0, 0.0, 1.0],
                [0.971334, -0.23591, 0.029273, 0.0, 0.078205, 0.433405, 0.897799, 0.629229, -0.224487, -0.869774, 0.43943, -0.0, 0.0, 0.0, 0.0, 1.0],
                [0.760571, -0.648824, -0.023631, 0.0, 0.497498, 0.559023, 0.663316, 0.629229, -0.417165, -0.516255, 0.747966, 0.0, 0.0, 0.0, 0.0, 1.0],
                [0.613904, -0.788732, 0.031996, 0.0, 0.698018, 0.561334, 0.444607, 0.629229, -0.368636, -0.250612, 0.895154, 0.0, 0.0, 0.0, 0.0, 1.0],
                [1.0, 0.0, 0.0, 0.0, 0.0, 0.999955, 0.009481, 0.629229, 0.0, -0.009481, 0.999955, -0.0, 0.0, 0.0, 0.0, 1.0]
            ]
        },
        {
            "name": "upperJaw",
            "time": [0.0, 0.125, 0.25, 0.4167, 0.5, 0.6667, 1.0833, 2.0],
            "transform": [
                [1.0, 1e-06, -0.0, 0.001002, -1e-06, 0.99845, -0.055647, 0.873062, -0.0, 0.055647, 0.998451, -0.249923, 0.0, 0.0, 0.0, 1.0],
                [1.0, 1e-06, -0.0, 0.001002, -1e-06, 0.99845, -0.055644, 0.873063, -0.0, 0.055644, 0.998451, -0.249923, 0.0, 0.0, 0.0, 1.0],
                [1.0, -0.0, -0.0, 0.001002, 0.0, 0.998451, -0.055644, 0.873062, 0.0, 0.055644, 0.998451, -0.249923, 0.0, 0.0, 0.0, 1.0],
                [1.0, -0.0, 0.0, 0.001002, 0.0, 0.998451, -0.055644, 0.873062, -0.0, 0.055644, 0.998451, -0.249923, 0.0, 0.0, 0.0, 1.0],
                [1.0, 0.0, 0.0, 0.001002, 0.0, 0.99845, -0.055647, 0.873061, 0.0, 0.055647, 0.998451, -0.249923, 0.0, 0.0, 0.0, 1.0],
                [1.0, 0.0, -0.0, 0.001002, -0.0, 0.99845, -0.055648, 0.873064, 0.0, 0.055648, 0.99845, -0.249922, 0.0, 0.0, 0.0, 1.0],
                [1.0, 0.0, -0.0, 0.001001, -0.0, 0.99845, -0.055648, 0.873064, 0.0, 0.055648, 0.998451, -0.249922, 0.0, 0.0, 0.0, 1.0],
                [1.0, 0.0, 0.0, 0.001002, 0.0, 0.99845, -0.05565, 0.873064, 0.0, 0.05565, 0.99845, -0.249922, 0.0, 0.0, 0.0, 1.0]
            ]
        },
        {
