{
    "animation": [
        {
            "name": "root",
            "time": [0.0, 0.125, 0.25, 0.5, 0.667, 1.083, 2.0],
            "transform": [[0.978, -0.16, 0.13, 0.0, 0.149, 0.984, 0.095, -1.346, -0.143, 0.074, 0.987, 2.402],
                [0.948, -0.292, 0.13, 0.0, 0.265, 0.945, 0.191, -1.729, -0.179, -0.147, 0.973, 2.238],
                [0.94, -0.317, 0.129, 0.0, 0.286, 0.935, 0.209, -1.8, -0.187, -0.16, 0.969, 2.207],
                [0.981, 0.119, 0.151, 0.0, -0.135, 0.986, 0.1, 0.003, -0.137, -0.119, 0.984, 2.402],
                [0.85, 0.478, 0.223, 0.0, -0.522, 0.825, 0.219, 0.037, 0.079, -0.303, 0.95, 2.402],
                [0.834, 0.501, 0.231, 0.0, -0.547, 0.805, 0.229, 0.054, 0.072, -0.318, 0.945, 2.402],
                [1.0, 0.0, 0.0, 0.0, 0.0, 0.995, 0.097, -1.269, 0.0, 0.097, 0.995, 2.539]
            ]
        },
        {
            "name": "right_hind_leg",
            "time": [0.0, 0.125, 0.25, 0.417, 0.5, 0.667, 1.083, 2.0],
            "transform": [[0.783, 0.62, 0.059, 1, -0.574, 0.682, 0.454, 0.353, 0.241, -0.389, 0.889, 0.092],
                [0.787, 0.611, 0.085, 1, -0.571, 0.773, 0.275, 0.353, 0.233, -0.168, 0.958, 0.092],
                [0.794, 0.589, -0.154, 1, -0.57, 0.808, 0.151, 0.353, 0.213, 0.032, 0.976, 0.092],
                [0.792, 0.593, -0.144, 1, -0.565, 0.802, 0.196, 0.353, 0.232, 0.073, 0.97, 0.092],
                [0.862, 0.495, 0.11, 1, -0.507, 0.833, 0.221, 0.353, 0.018, -0.246, 0.969, 0.092],
                [0.92, 0.382, 0.085, 1, -0.372, 0.921, -0.112, 0.353, -0.121, 0.071, 0.99, 0.092],
                [0.92, 0.382, 0.085, 1, -0.372, 0.921, -0.112, 0.353, -0.121, 0.071, 0.99, 0.092],
                [0.951, 0.303, 0.061, 1, -0.297, 0.95, 0.095, 0.086, 0.086, 0.072, 0.994, -0.271]
            ]
        },
        {
            "name": "right_hind_leg_tip",
            "time": [0.0, 0.125, 0.25, 0.417, 0.5, 0.667, 1.083, 2.0],
            "transform": [[1.0, 0.0, 1e-06, 0.0, -1e-06, -0.444, 0.896, 1.692, 0.0, -0.896, -0.444, 0.0],
                [1.0, 0.0, 1e-06, 0.0, -1e-06, -0.555, 0.832, 1.692, 1e-06, -0.832, -0.555, 0.0],
                [1.0, 0.0, 1e-06, 0.0, -1e-06, -0.608, 0.794, 1.692, 1e-06, -0.794, -0.608, 0.0],
                [1.0, 0.031, 0.017, 0.0, 0.002, -0.545, 0.839, 1.692, 0.035, -0.838, -0.544, 0.0],
                [1.0, 0.02, 0.025, 0.0, 0.013, -0.48, 0.877, 1.692, 0.03, -0.877, -0.479, 0.0],
                [1.0, 0.0, 1e-06, 0.0, -1e-06, -0.483, 0.876, 1.692, 0.0, -0.876, -0.483, 0.0],
                [1.0, 0.0, 1e-06, 0.0, -1e-06, -0.483, 0.876, 1.692, 0.0, -0.876, -0.483, 0.0],
                [1.0, 0.0, 0.0, 0.0, 0.0, -0.226, 0.974, 1.692, 0.0, -0.974, -0.226, 0.0]
            ]
        },
        {
            "name": "right_hind_foot",
            "time": [0.0, 0.125, 0.25, 0.417, 0.5, 0.667, 1.083, 2.0],
            "transform": [[0.986, 0.009, 0.168, 0.0, 0.081, -0.85, -0.521, 2.16, 0.147, 0.527, -0.837, 0.0],
                [0.987, 0.018, 0.157, 0.0, 0.075, -0.821, -0.566, 2.16, 0.139, 0.571, -0.809, 0.0],
                [0.989, 0.021, 0.149, 0.0, 0.071, -0.806, -0.587, 2.16, 0.133, 0.591, -0.795, 0.0],
                [0.99, 0.032, 0.138, 0.0, 0.065, -0.764, -0.642, 2.16, 0.126, 0.645, -0.754, 0.0],
                [1, 0.008, 0.008, 0.0, 0.011, -0.801, -0.599, 2.16, 0.001, 0.599, -0.801, 0.0],
                [0.998, 0.005, 0.059, 0.0, 0.046, -0.694, -0.719, 2.16, 0.038, 0.72, -0.693, 0.0],
                [0.998, 0.005, 0.059, 0.0, 0.046, -0.694, -0.719, 2.16, 0.038, 0.72, -0.693, 0.0],
                [0.983, -0.177, 0.055, 0.0, 0.097, -0.24, -0.966, 2.16, 0.158, 0.955, -0.253, 0.0]
            ]
        },
        {
            "name": "left_hind_leg",
            "time": [0.0, 1.083, 2.0],
            "transform": [[0.764, -0.567, -0.307, -1, 0.438, 0.108, 0.892, 0.353, -0.473, -0.817, 0.331, 0.092],
                [0.764, -0.567, -0.307, -1, 0.438, 0.108, 0.892, 0.353, -0.473, -0.817, 0.331, 0.092],
                [0.965, -0.259, 0.03, -1, 0.123, 0.349, 0.929, 0.086, -0.231, -0.901, 0.368, -0.271]
            ]
        },
        {
            "name": "left_hind_leg_tip",
            "time": [0.0, 1.083, 2.0],
            "transform": [[0.943, 0.297, 0.147, 0.0, -0.159, 0.018, 0.987, 1.692, 0.291, -0.955, 0.064, 0.0],
                [0.921, 0.377, 0.098, 0.0, -0.158, 0.133, 0.978, 1.692, 0.356, -0.917, 0.182, 0.0],
                [0.984, 0.148, 0.098, 0.0, 0.081, -0.119, 0.99, 1.692, 0.158, -0.982, -0.105, 0.0]
            ]
        },
        {
            "name": "left_hind_foot",
            "time": [0.0, 1.083, 2.0],
            "transform": [[0.926, 0.076, -0.37, 0.0, -0.261, -0.837, -0.481, 2.16, -0.273, 0.542, -0.795, 0.0],
                [0.885, -0.11, -0.453, 0.0, -0.303, -0.874, -0.381, 2.16, -0.354, 0.474, -0.806, 0.0],
                [0.996, 0.075, 0.053, 0.0, 0.044, -0.894, -0.445, 2.16, 0.081, 0.441, -0.894, 0.0]
            ]
        },
        {
            "name": "body",
            "time": [0.0, 0.417, 0.5, 0.667, 1.083, 2.0],
            "transform": [[0.998, 0.003, 0.055, 0.0, 0.008, 0.997, 0.078, 0.274, 0.055, 0.078, 0.995, 0.0],
                [0.998, 0.003, 0.055, 0.0, 0.008, 0.997, 0.078, 0.274, 0.055, 0.078, 0.995, 0.0],
                [0.998, 0.003, 0.055, 0.0, 0.008, 0.997, 0.078, 0.274, 0.055, 0.078, 0.995, 0.0],
                [0.998, 0.003, 0.055, 0.0, 0.008, 0.997, 0.078, 0.274, 0.055, 0.078, 0.995, 0.0],
                [0.998, 0.003, 0.055, 0.0, 0.008, 0.997, 0.078, 0.274, 0.055, 0.078, 0.995, 0.0],
                [1.0, 0.0, 0.0, 0.0, 0.0, 0.996, 0.095, 0.274, 0.0, 0.095, 0.996, 0.0]
            ]
        },
        {
            "name": "neck_tail_1",
            "time": [0.0, 0.208, 0.708, 1.125, 2.0],
            "transform": [[-0.917, 0.372, 0.141, -1e-06, -0.386, -0.919, 0.084, -0.516, 0.099, -0.131, 0.986, 0.429],
                [-0.904, 0.406, 0.136, -1e-06, -0.417, -0.907, 0.064, -0.516, 0.097, -0.115, 0.989, 0.429],
                [-0.863, -0.472, 0.18, -1e-06, 0.445, -0.879, -0.174, -0.516, 0.241, 0.07, 0.968, 0.429],
                [-0.842, -0.507, 0.182, 0.0, 0.478, -0.859, -0.182, -0.516, 0.249, 0.066, 0.966, 0.429],
                [-0.994, 0.109, 0.015, 0.0, -0.109, -0.993, 0.041, -0.516, 0.01, 0.042, 1.0, 0.429]
            ]
        },
        {
            "name": "neck_tail_2",
            "time": [0.0, 0.208, 0.708, 1.125, 2.0],
            "transform": [[0.996, 0.087, 0.023, 0.0, 0.09, 0.977, 0.191, 0.616, 0.006, -0.192, 0.981, 0.0],
                [1.0, 0.049, 0.018, 0.0, 0.052, 0.98, 0.193, 0.616, 0.008, -0.193, 0.981, 0.0],
                [0.847, 0.53, 0.035, 0.0, -0.522, 0.819, 0.238, 0.616, 0.097, -0.22, 0.971, 0.0],
                [0.825, 0.563, 0.039, 0.0, -0.555, 0.796, 0.242, 0.616, 0.106, -0.221, 0.969, 0.0],
                [1.0, 0.039, 0.004, 0.0, 0.038, 0.987, 0.157, 0.616, 0.01, -0.157, 0.988, 0.0]
            ]
        },
        {
            "name": "neck_tail_3",
            "time": [0.0, 0.208, 0.708, 1.125, 2.0],
            "transform": [[1.0, 0.05, 0.018, 0.0, 0.052, 0.985, 0.162, 0.625, 0.01, -0.163, 0.987, 0.0],
                [1, 0.013, 0.007, 0.0, 0.014, 0.986, 0.165, 0.625, 0.004, -0.165, 0.986, 0.0],
                [0.844, 0.524, 0.11, 0.0, -0.536, 0.821, 0.197, 0.625, 0.013, -0.225, 0.974, 1e-06],
                [0.822, 0.557, 0.118, 0.0, -0.569, 0.798, 0.198, 0.625, 0.016, -0.23, 0.973, 0.0],
                [1, 0.029, -0, 0.0, 0.029, 0.989, 0.144, 0.625, 0.005, -0.144, 0.99, 0.0]
            ]
        },
        {
            "name": "neck_tail_4",
            "time": [0.0, 0.208, 0.708, 1.125, 2.0],
            "transform": [[1, 0.02, 0.014, 0.0, 0.021, 0.994, 0.107, 0.626, 0.011, -0.107, 0.994, 0.0],
                [1, 0.015, 0.002, 0.0, 0.015, 0.994, 0.109, 0.626, 0.001, -0.109, 0.994, 0.0],
                [0.89, 0.433, 0.139, 0.0, -0.451, 0.881, 0.144, 0.626, 0.06, -0.192, 0.98, 0.0],
                [0.871, 0.467, 0.152, 0.0, -0.487, 0.862, 0.144, 0.626, 0.063, -0.2, 0.978, 0.0],
                [1, 0.021, 0.002, 0.0, 0.021, 0.993, 0.118, 0.626, 0, -0.118, 0.993, 0.0]
            ]
        },
        {
            "name": "neck_tail_5",
            "time": [0.0, 0.083, 0.208, 0.708, 1.125, 2.0],
            "transform": [[1, 0.003, 0.01, 0.0, 0.003, 1.0, 0.038, 0.625, 0.01, 0.038, 1.0, 0.0],
                [1, 0.007, 0.012, 0.0, 0.007, 1.0, 0.049, 0.625, 0.012, 0.049, 1.0, 0.0],
                [1.0, 0.037, 0.008, 0.0, 0.037, 0.998, 0.04, 0.625, 0.007, 0.041, 1.0, 0.0],
                [0.99, 0.129, 0.049, 0.0, -0.132, 0.988, 0.078, 0.625, 0.038, 0.084, 0.996, 0.0],
                [0.984, 0.166, 0.063, 0.0, -0.171, 0.982, 0.082, 0.625, 0.048, 0.091, 0.995, 0.0],
                [1, 0.014, 0.004, 0.0, 0.015, 0.996, 0.084, 0.625, 0.002, 0.084, 0.996, 0.0]
            ]
        },
        {
            "name": "neck_tail_6",
            "time": [0.0, 0.208, 0.708, 1.125, 2.0],
            "transform": [[1, 0.019, 0.007, 0.0, 0.02, 1, 0.016, 0.623, 0.006, 0.016, 1, 0.0],
                [0.998, 0.054, 0.011, 0.0, 0.054, 0.998, 0.014, 0.623, 0.012, 0.013, 1, 0.0],
                [0.992, 0.117, 0.05, 0.0, -0.119, 0.992, 0.03, 0.623, 0.046, 0.036, 0.998, 0.0],
                [0.986, 0.154, 0.064, 0.0, -0.157, 0.987, 0.034, 0.623, 0.058, 0.044, 0.997, 0.0],
                [1, 0.01, 0.004, 0.0, 0.01, 1.0, 0.043, 0.623, 0.003, 0.043, 1.0, 0.0]
            ]
        },
        {
            "name": "neck_tail_7",
            "time": [0.0, 0.208, 0.708, 1.125, 2.0],
            "transform": [[1, 0.03, 0.004, 0.0, 0.03, 0.997, 0.065, 0.625, 0.003, 0.065, 0.998, 0.0],
                [0.998, 0.065, 0.011, 0.0, 0.064, 0.996, 0.062, 0.625, 0.015, 0.061, 0.998, 0.0],
                [0.992, 0.202, 0.056, 0.0, -0.129, 1.544, 0.015, 0.625, 0.053, 0.011, 1.076, 0.0],
                [0.986, 0.26, 0.07, 0.0, -0.167, 1.535, 0.011, 0.625, 0.066, 0.001, 1.076, 0.0],
                [1, 0.006, 0.003, 0.0, 0.006, 1, -0, 0.625, 0.003, 0, 1, 0.0]
            ]
        },
        {
            "name": "neck_tail_8",
            "time": [0.0, 0.208, 0.708, 1.125, 2.0],
            "transform": [[1.0, 0.035, 0.002, 0.0, 0.035, 0.994, -0.103, 0.625, 0.001, 0.103, 0.995, 0.0],
                [0.997, 0.071, 0.01, 0.0, 0.07, 0.993, 0.099, 0.625, 0.017, 0.098, 0.995, 0.0],
                [1.204, 0.215, 0.064, 0.0, -0.212, 1.205, 0.06, 0.625, 0.073, 0.048, 1.222, 0.0],
                [0.984, 0.173, 0.051, 0.0, -0.17, 0.984, 0.049, 0.625, 0.059, 0.04, 0.997, 0.0],
                [1, 0.004, 0.002, 0.0, 0.004, 1.0, 0.041, 0.625, 0.003, 0.041, 1.0, 0.0]
            ]
        },
        {
            "name": "neck_tail_9",
            "time": [0.0, 0.208, 0.708, 1.125, 2.0],
            "transform": [[1.0, 0.036, -0, 0.0, 0.035, 0.991, -0.129, 0.625, 0.005, 0.129, 0.992, 0.0],
                [0.997, 0.073, 0.008, 0.0, 0.071, 0.99, -0.124, 0.625, 0.017, 0.123, 0.992, 0.0],
                [0.983, 0.179, 0.032, 0.0, -0.176, 0.981, 0.078, 0.625, 0.045, 0.071, 0.996, 0.0],
                [0.984, 0.176, 0.032, 0.0, -0.173, 0.982, 0.078, 0.625, 0.045, 0.071, 0.996, 0.0],
                [1, 0.003, 0.002, 0.0, 0.003, 0.997, 0.075, 0.625, 0.002, 0.075, 0.997, 0.0]
            ]
        },
        {
            "name": "neck_tail_10",
            "time": [0.0, 0.208, 0.708, 1.125, 2.0],
            "transform": [[1, 0.031, 0.002, 0.0, 0.031, 0.989, -0.148, 0.626, 0.007, 0.147, 0.989, 0.0],
                [0.998, 0.07, 0.005, 0.0, 0.068, 0.987, -0.142, 0.626, 0.014, 0.142, 0.99, 0.0],
                [0.983, 0.183, 0.008, 0.0, -0.181, 0.979, 0.097, 0.626, 0.026, 0.094, 0.995, 0.0],
                [0.984, 0.18, 0.008, 0.0, -0.178, 0.979, 0.097, 0.626, 0.026, 0.094, 0.995, 0.0],
                [1, 0.002, 0.001, 0.0, 0.002, 0.995, 0.098, 0.626, 0.001, 0.098, 0.995, 0.0]
            ]
        },
        {
            "name": "neck_tail_11",
            "time": [0.0, 0.208, 0.708, 1.125, 2.0],
            "transform": [[1, 0.023, 0.004, 0.0, 0.023, 0.991, -0.135, 0.625, 0.007, 0.135, 0.991, 0.0],
                [0.998, 0.062, 0.002, -1e-06, 0.061, 0.99, -0.13, 0.625, 0.01, 0.129, 0.992, 0.0],
                [0.982, 0.186, 0.015, 0.0, -0.187, 0.978, 0.092, 0.625, 0.002, 0.093, 0.996, 0.0],
                [0.983, 0.183, 0.015, 0.0, -0.184, 0.979, 0.092, 0.625, 0.002, 0.094, 0.996, 0.0],
                [1, 0.001, 0, 0.0, 0.001, 0.994, -0.107, 0.625, -0, 0.107, 0.994, 0.0]
            ]
        },
        {
            "name": "neck_tail_12",
            "time": [0.0, 0.208, 0.708, 1.125, 2.0],
            "transform": [[1, 0.013, 0.005, 0.0, 0.012, 0.985, -0.171, 0.625, 0.007, 0.17, 0.985, 0.0],
                [1.0, 0.05, 0.004, 0.0, 0.05, 0.985, -0.165, 0.625, 0.005, 0.165, 0.986, 0.0],
                [0.981, 0.185, 0.054, 0.0, -0.192, 0.967, -0.169, 0.625, 0.021, 0.177, 0.984, 0.0],
                [0.982, 0.182, 0.053, 0.0, -0.189, 0.967, -0.17, 0.625, 0.021, 0.177, 0.984, 0.0],
                [1.0, 0, 4.6e-05, 0.0, -0, 0.971, -0.238, 0.625, -0, 0.238, 0.971, 0.0]
            ]
        },
        {
            "name": "right_front_leg",
            "time": [0.0, 0.125, 0.25, 0.417, 0.667, 1.083, 2.0],
            "transform": [[0.965, 0.208, -0.159, 0.75, 0.161, 0.003, 0.987, 2.932, 0.205, -0.978, 0.03, -0.106],
                [0.927, 0.325, -0.189, 0.75, 0.126, 0.204, 0.971, 2.932, 0.354, -0.924, 0.148, -0.106],
                [0.895, 0.402, -0.194, 0.75, 0.084, 0.275, 0.958, 2.932, 0.438, -0.874, 0.212, -0.106],
                [0.922, 0.229, -0.312, 0.75, 0.386, -0.491, 0.781, 2.932, 0.026, -0.841, -0.541, -0.106],
                [0.908, 0.404, 0.113, 0.75, 0.349, -0.877, 0.329, 2.932, 0.232, -0.259, -0.937, -0.106],
                [0.909, 0.402, 0.113, 0.75, 0.352, -0.884, 0.308, 2.932, 0.224, -0.24, -0.945, -0.106],
                [0.977, 0.138, -0.164, 0.75, 0.214, -0.594, 0.776, 2.917, 0.01, -0.793, -0.609, -0.176]
            ]
        },
        {
            "name": "right_front_leg_tip",
            "time": [0.0, 0.125, 0.25, 0.333, 0.417, 0.667, 1.083, 2.0],
            "transform": [[0.993, 0.117, 0.034, 0.0, 0.096, 0.581, -0.808, 1.253, 0.075, 0.805, 0.588, 0.0],
                [0.884, 0.445, -0.142, 0.0, -0.395, 0.551, -0.735, 1.253, -0.249, 0.706, 0.663, 0.0],
                [0.867, 0.467, -0.172, 0.0, -0.441, 0.56, -0.701, 1.253, -0.231, 0.684, 0.692, 0.0],
                [0.772, 0.573, -0.273, 0.0, -0.506, 0.295, -0.81, 1.253, -0.384, 0.764, 0.518, 0.0],
                [0.686, 0.623, -0.377, 0.0, -0.53, 0.073, -0.845, 1.253, -0.498, 0.779, 0.38, 0.0],
                [0.912, -0.212, 0.351, 0.0, 0.256, -0.375, -0.891, 1.253, 0.32, 0.903, -0.288, 0.0],
                [0.908, -0.222, 0.356, 0.0, 0.246, -0.406, -0.88, 1.253, 0.34, 0.886, -0.314, 0.0],
                [1, 0.001, 0.004, 0.0, 0.004, 0.289, -0.957, 1.253, 0.001, 0.957, 0.289, 0.0]
            ]
        },
        {
            "name": "right_front_foot",
            "time": [0.0, 0.125, 0.25, 0.417, 0.667, 1.083, 2.0],
            "transform": [[0.976, 0.021, 0.216, 0.0, 0.109, 0.812, -0.573, 1.489, -0.187, 0.583, 0.79, 0.0],
                [0.855, 0.019, 0.519, 0.0, 0.27, 0.87, -0.413, 1.489, -0.444, 0.493, 0.749, 0.0],
                [0.766, 0.061, 0.64, 0.0, 0.303, 0.912, -0.275, 1.489, -0.567, 0.405, 0.717, 0.0],
                [0.704, 0.29, 0.648, 0.0, 0.157, 0.826, -0.541, 1.489, -0.692, 0.483, 0.536, 0.0],
                [0.975, 0.031, -0.219, 0.0, -0.214, 0.386, -0.897, 1.489, 0.056, 0.922, 0.383, 0.0],
                [0.97, 0.029, -0.241, 0.0, -0.234, 0.379, -0.895, 1.489, 0.065, 0.925, 0.374, 0.0],
                [0.977, 0.213, 0.006, 0.0, -0.12, 0.572, -0.811, 1.489, -0.177, 0.792, 0.585, 0.0]
            ]
        },
        {
            "name": "left_front_leg",
            "time": [0.0, 0.667, 1.125, 2.0],
            "transform": [[0.979, -0.203, 0.036, -0.75, 0.025, 0.054, 0.998, 2.932, -0.205, -0.978, 0.048, -0.106],
                [0.836, -0.547, 0.042, -0.75, 0.066, -0.176, 0.982, 2.925, -0.544, -0.819, -0.183, -0.141],
                [0.836, -0.547, 0.042, -0.75, 0.066, -0.176, 0.982, 2.925, -0.544, -0.819, -0.183, -0.141],
                [0.97, -0.133, 0.202, -0.75, -0.237, -0.364, 0.9, 2.917, 0.046, -0.922, -0.385, -0.176]
            ]
        },
        {
            "name": "left_front_leg_tip",
            "time": [0.0, 0.667, 1.125, 2.0],
            "transform": [[0.963, -0.257, 0.086, 0.0, 0.098, 0.627, -0.773, 1.253, 0.253, 0.736, 0.628, 0.0],
                [0.852, -0.458, 0.254, 0.0, 0.445, 0.377, -0.812, 1.253, 0.277, 0.805, 0.525, 0.0],
                [0.852, -0.458, 0.254, 0.0, 0.445, 0.377, -0.812, 1.253, 0.277, 0.805, 0.525, 0.0],
                [1, 0.025, 0.013, 0.0, 0.022, 0.378, -0.926, 1.253, 0.019, 0.926, 0.378, 0.0]
            ]
        },
        {
            "name": "left_front_foot",
            "time": [0.0, 0.667, 1.125, 2.0],
            "transform": [[0.954, -0.2, -0.222, 0.0, 0.049, 0.837, -0.545, 1.489, 0.295, 0.509, 0.809, 0.0],
                [1.0, 0.0, 0.0, 0.0, 0.0, 0.646, -0.763, 1.489, 0.0, 0.763, 0.646, -1e-06],
                [1.0, 0.0, 0.0, 0.0, 0.0, 0.646, -0.763, 1.489, 0.0, 0.763, 0.646, -1e-06],
                [0.97, -0.228, 0.081, 0.0, 0.106, 0.703, -0.703, 1.489, 0.217, 0.674, 0.707, 0.0]
            ]
        },
        {
            "name": "right_wing",
            "time": [0.0, 0.125, 0.25, 0.417, 0.542, 0.833, 1.083, 2.0],
            "transform": [[-0.438, 0.569, 0.696, 0.749, -0.697, -0.704, 0.137, 2.866, 0.568, -0.426, 0.705, 0.729],
                [-0.438, 0.569, 0.696, 0.749, -0.697, -0.704, 0.137, 2.866, 0.568, -0.426, 0.705, 0.729],
                [-0.438, 0.569, 0.696, 0.749, -0.697, -0.704, 0.137, 2.866, 0.568, -0.426, 0.705, 0.729],
                [-0.438, 0.569, 0.696, 0.749, -0.697, -0.704, 0.137, 2.866, 0.568, -0.426, 0.705, 0.729],
                [-0.378, 0.66, 0.649, 0.749, -0.722, -0.649, 0.24, 2.874, 0.58, -0.378, 0.722, 0.711],
                [-0.487, 0.495, 0.72, 0.749, -0.657, -0.75, 0.071, 2.866, 0.575, -0.438, 0.691, 0.729],
                [-0.487, 0.495, 0.72, 0.749, -0.657, -0.75, 0.071, 2.866, 0.575, -0.438, 0.691, 0.729],
                [-0.377, 0.572, 0.728, 0.75, -0.684, -0.702, 0.197, 2.861, 0.624, -0.424, 0.656, 0.745]
            ]
        },
        {
            "name": "right_wing_tip",
            "time": [0.0, 0.125, 0.25, 0.417, 0.5, 0.667, 1.083, 2.0],
            "transform": [[0.81, 0.586, 0.003, 0.0, -0.586, 0.81, 0.012, 3.5, 0.004, 0.012, 1, 0.0],
                [0.81, 0.586, 0.003, 0.0, -0.586, 0.81, 0.012, 3.5, 0.004, 0.012, 1, 0.0],
                [0.81, 0.586, 0.003, 0.0, -0.586, 0.81, 0.012, 3.5, 0.004, 0.012, 1, 0.0],
                [0.81, 0.586, 0.003, 0.0, -0.586, 0.81, 0.012, 3.5, 0.004, 0.012, 1, 0.0],
                [0.81, 0.586, 0.003, 0.0, -0.586, 0.81, 0.012, 3.5, 0.004, 0.012, 1, 0.0],
                [0.81, 0.586, 0.003, 0.0, -0.586, 0.81, 0.012, 3.5, 0.004, 0.012, 1, 0.0],
                [0.81, 0.586, 0.003, 0.0, -0.586, 0.81, 0.012, 3.5, 0.004, 0.012, 1, 0.0],
                [0.825, 0.564, 0.009, 0.0, -0.564, 0.825, 0.03, 3.5, 0.009, 0.03, 1.0, 0.0]
            ]
        },
        {
            "name": "left_wing",
            "time": [0.0, 0.125, 0.25, 0.417, 0.542, 0.833, 1.083, 2.0],
            "transform": [[-0.484, -0.585, -0.651, -0.75, 0.672, -0.725, 0.152, 2.857, -0.561, -0.363, 0.744, 0.761],
                [-0.484, -0.585, -0.651, -0.75, 0.672, -0.725, 0.152, 2.857, -0.561, -0.363, 0.744, 0.761],
                [-0.484, -0.585, -0.651, -0.75, 0.672, -0.725, 0.152, 2.857, -0.561, -0.363, 0.744, 0.761],
                [-0.484, -0.585, -0.651, -0.75, 0.672, -0.725, 0.152, 2.857, -0.561, -0.363, 0.744, 0.761],
                [-0.535, -0.485, -0.692, -0.75, 0.591, -0.8, 0.103, 2.848, -0.603, -0.354, 0.715, 0.778],
                [-0.381, -0.716, -0.584, -0.75, 0.75, -0.609, 0.257, 2.857, -0.54, -0.341, 0.77, 0.761],
                [-0.381, -0.716, -0.584, -0.75, 0.75, -0.609, 0.257, 2.857, -0.54, -0.341, 0.77, 0.761],
                [-0.377, -0.572, -0.728, -0.751, 0.684, -0.702, 0.197, 2.861, -0.624, -0.424, 0.656, 0.745]
            ]
        },
        {
            "name": "left_wing_tip",
            "time": [0.0, 0.125, 0.25, 0.417, 0.5, 0.667, 1.083, 2.0],
            "transform": [[0.807, -0.59, 0.032, 0.0, 0.59, 0.807, 0.011, 3.5, 0.019, 0.028, 1.0, 0.0],
                [0.807, -0.59, 0.032, 0.0, 0.59, 0.807, 0.011, 3.5, 0.019, 0.028, 1.0, 0.0],
                [0.807, -0.59, 0.032, 0.0, 0.59, 0.807, 0.011, 3.5, 0.019, 0.028, 1.0, 0.0],
                [0.807, -0.59, 0.032, 0.0, 0.59, 0.807, 0.011, 3.5, 0.019, 0.028, 1.0, 0.0],
                [0.807, -0.59, 0.032, 0.0, 0.59, 0.807, 0.011, 3.5, 0.019, 0.028, 1.0, 0.0],
                [0.807, -0.59, 0.032, 0.0, 0.59, 0.807, 0.011, 3.5, 0.019, 0.028, 1.0, 0.0],
                [0.807, -0.59, 0.032, 0.0, 0.59, 0.807, 0.011, 3.5, 0.019, 0.028, 1.0, 0.0],
                [0.817, -0.571, 0.084, 0.0, 0.574, 0.818, 0.023, 3.5, 0.056, 0.067, 0.996, 0.0]
            ]
        },
        {
            "name": "neck",
            "time": [0.0, 0.125, 0.25, 0.417, 0.5, 0.667, 1.083, 2.0],
            "transform": [[1, 0.014, 0.001, 0.0, 0.014, 0.997, 0.081, 3.494, 0.001, 0.081, 0.997, 2e-06],
                [1, 0.014, 0.001, 0.0, 0.014, 0.997, 0.081, 3.494, 0.001, 0.081, 0.997, 2e-06],
                [1, 0.014, 0.001, 0.0, 0.014, 0.997, 0.081, 3.494, 0.001, 0.081, 0.997, 2e-06],
                [1, 0.014, 0.001, 0.0, 0.014, 0.997, 0.081, 3.494, 0.001, 0.081, 0.997, 2e-06],
                [0.933, 0.353, 0.071, 0.0, -0.356, 0.933, 0.042, 3.494, 0.051, 0.064, 0.997, 3e-06],
                [0.507, 0.835, 0.212, 2e-06, -0.838, 0.536, -0.106, 3.494, -0.202, -0.124, 0.972, 2e-06],
                [0.198, 0.95, 0.241, 3e-06, -0.947, 0.249, -0.204, 3.494, -0.254, -0.188, 0.949, 1e-06],
                [1.0, 0.0, 0.0, 0.0, 0.0, 0.92, 0.392, 3.494, 0.0, -0.392, 0.92, 2e-06]
            ]
        },
        {
            "name": "neck2",
            "time": [0.0, 0.25, 0.417, 0.5, 0.667, 1.083, 2.0],
            "transform": [[1, 0.031, 0.003, 0.0, 0.031, 0.983, -0.18, 0.624, 0.003, 0.18, 0.984, 0.0],
                [1, 0.031, 0.003, 0.0, 0.031, 0.983, -0.18, 0.624, 0.003, 0.18, 0.984, 0.0],
                [1, 0.031, 0.003, 0.0, 0.031, 0.983, -0.18, 0.624, 0.003, 0.18, 0.984, 0.0],
                [0.996, 0.092, 0.01, 0.0, 0.092, 0.972, -0.217, 0.624, 0.011, 0.217, 0.976, 0.0],
                [0.984, -0.177, 0.015, 0.0, 0.177, 0.97, -0.168, 0.624, 0.015, 0.167, 0.986, 0.0],
                [0.976, -0.216, 0.015, 0.0, 0.216, 0.967, -0.133, 0.624, 0.015, 0.133, 0.991, 0.0],
                [1.0, 0.0, 0.0, 0.0, 0.0, 0.988, -0.151, 0.624, 0.0, 0.151, 0.988, 0.0]
            ]
        },
        {
            "name": "neck3",
            "time": [0.0, 0.125, 0.25, 0.417, 0.5, 0.667, 1.083, 2.0],
            "transform": [[0.998, 0.054, 0.009, 0.0, 0.054, 0.947, -0.318, 0.627, 0.009, 0.318, 0.948, 0.0],
                [0.998, 0.054, 0.009, 0.0, 0.054, 0.947, -0.318, 0.627, 0.009, 0.318, 0.948, 0.0],
                [0.998, 0.054, 0.009, 0.0, 0.054, 0.947, -0.318, 0.627, 0.009, 0.318, 0.948, 0.0],
                [0.998, 0.054, 0.009, 0.0, 0.054, 0.947, -0.318, 0.627, 0.009, 0.318, 0.948, 0.0],
                [0.993, -0.116, 0.021, 0.0, 0.116, 0.924, -0.364, 0.627, 0.023, 0.364, 0.931, 0.0],
                [0.966, -0.258, 0.035, 0.0, 0.257, 0.928, -0.268, 0.627, 0.036, 0.268, 0.963, 0.0],
                [0.945, -0.325, 0.034, 0.0, 0.325, 0.924, -0.2, 0.627, 0.034, 0.2, 0.979, 0.0],
                [1.0, 0.0, 0.0, 0.0, 0.0, 0.989, -0.149, 0.627, 0.0, 0.149, 0.989, 0.0]
            ]
        },
        {
            "name": "neck4",
            "time": [0.0, 0.25, 0.417, 0.5, 0.667, 1.083, 2.0],
            "transform": [[1.0, 0.054, 0.009, 0.0, 0.054, 0.947, -0.317, 0.624, 0.009, 0.317, 0.948, 0.0],
                [1.0, 0.054, 0.009, 0.0, 0.054, 0.947, -0.317, 0.624, 0.009, 0.317, 0.948, 0.0],
                [1.0, 0.054, 0.009, 0.0, 0.054, 0.947, -0.317, 0.624, 0.009, 0.317, 0.948, 0.0],
                [0.994, -0.104, 0.019, 0.0, 0.104, 0.926, -0.362, 0.624, 0.02, 0.362, 0.932, 0.0],
                [0.969, -0.243, 0.033, 0.0, 0.243, 0.934, -0.261, 0.624, 0.033, 0.261, 0.965, 0.0],
                [0.95, -0.311, 0.031, 0.0, 0.311, 0.931, -0.191, 0.624, 0.031, 0.191, 0.981, 0.0],
                [1.0, 0.0, 0.0, 0.0, 0.0, 0.994, -0.109, 0.624, 0.0, 0.109, 0.994, 0.0]
            ]
        },
        {
            "name": "neck5",
            "time": [0.0, 0.25, 0.417, 0.5, 0.667, 1.083, 2.0],
            "transform": [[1.0, 0.033, 0.003, 0.0, 0.033, 0.98, -0.196, 0.624, 0.003, 0.196, 0.981, 0.0],
                [1.0, 0.033, 0.003, 0.0, 0.033, 0.98, -0.196, 0.624, 0.003, 0.196, 0.981, 1e-06],
                [1.0, 0.033, 0.003, 0.0, 0.033, 0.98, -0.196, 0.624, 0.003, 0.196, 0.981, 0.0],
                [0.998, 0.062, 0.007, 0.0, 0.062, 0.973, -0.224, 0.624, 0.007, 0.224, 0.975, -1e-06],
                [0.989, -0.146, 0.012, 0.0, 0.146, 0.976, -0.16, 0.624, 0.012, 0.16, 0.987, 0.0],
                [0.982, -0.189, 0.011, 0.0, 0.189, 0.975, -0.116, 0.624, 0.011, 0.116, 0.993, 0.0],
                [1.0, 0.0, 0.0, 0.0, 0.0, 0.998, 0.064, 0.624, 0.0, 0.064, 0.998, 0.0]
            ]
        },
        {
            "name": "head",
            "time": [0.0, 0.125, 0.25, 0.417, 0.5, 0.667, 1.083, 2.0],
            "transform": [[0.952, 0.307, 0.011, 0.0, -0.144, 0.477, 0.867, 0.629, 0.272, -0.823, 0.498, 1e-06],
                [0.914, 0.4, 0.067, 0.0, -0.191, 0.571, 0.798, 0.629, 0.358, -0.717, 0.598, 0.0],
                [0.898, 0.431, 0.084, 0.0, -0.217, 0.603, 0.767, 0.629, 0.382, -0.671, 0.636, 0.0],
                [0.964, 0.264, 0.032, 0.0, -0.104, 0.484, 0.869, 0.629, 0.245, -0.834, 0.495, 0.0],
                [0.971, -0.236, 0.029, 0.0, 0.078, 0.433, 0.898, 0.629, -0.224, -0.87, 0.439, 0.0],
                [0.761, -0.649, 0.024, 0.0, 0.497, 0.559, 0.663, 0.629, -0.417, -0.516, 0.748, 0.0],
                [0.614, -0.789, 0.032, 0.0, 0.698, 0.561, 0.445, 0.629, -0.369, -0.251, 0.895, 0.0],
                [1.0, 0.0, 0.0, 0.0, 0.0, 1, 0.009, 0.629, 0.0, 0.009, 1, 0.0]
            ]
        },
        {
            "name": "upperJaw",
            "time": [0.0, 0.125, 0.25, 0.417, 0.5, 0.667, 1.083, 2.0],
            "transform": [[1.0, 1e-06, 0.0, 0.001, -1e-06, 0.998, 0.056, 0.873, 0.0, 0.056, 0.998, -0.25],
                [1.0, 1e-06, 0.0, 0.001, -1e-06, 0.998, 0.056, 0.873, 0.0, 0.056, 0.998, -0.25],
                [1.0, 0.0, 0.0, 0.001, 0.0, 0.998, 0.056, 0.873, 0.0, 0.056, 0.998, -0.25],
                [1.0, 0.0, 0.0, 0.001, 0.0, 0.998, 0.056, 0.873, 0.0, 0.056, 0.998, -0.25],
                [1.0, 0.0, 0.0, 0.001, 0.0, 0.998, 0.056, 0.873, 0.0, 0.056, 0.998, -0.25],
                [1.0, 0.0, 0.0, 0.001, 0.0, 0.998, 0.056, 0.873, 0.0, 0.056, 0.998, -0.25],
                [1.0, 0.0, 0.0, 0.001, 0.0, 0.998, 0.056, 0.873, 0.0, 0.056, 0.998, -0.25],
                [1.0, 0.0, 0.0, 0.001, 0.0, 0.998, 0.056, 0.873, 0.0, 0.056, 0.998, -0.25]
            ]
        },
        {
            "name": "jaw",
            "time": [0.0, 0.125, 0.417, 0.5, 0.667, 1.083, 2.0],
            "transform": [[1.0, 1e-06, 0.0, 0.001, -1e-06, 1.0, 0.0, 0.873, 0.0, 0.0, 1.0, -0.258],
                [1.0, 1e-06, 0.0, 0.001, -1e-06, 1.0, 0.0, 0.873, 0.0, 0.0, 1.0, -0.258],
                [1.0, 1e-06, 0.0, 0.001, -1e-06, 1.0, 0.0, 0.873, 0.0, 0.0, 1.0, -0.258],
                [1.0, 0.0, 0.0, 0.001, 0.0, 1.0, 0.0, 0.873, 0.0, 0.0, 1.0, -0.258],
                [1.0, 0.0, 0.0, 0.001, 0.0, 1.0, 0.0, 0.873, 0.0, 0.0, 1.0, -0.258],
                [1.0, 0.0, 0.0, 0.001, 0.0, 1.0, 0.0, 0.873, 0.0, 0.0, 1.0, -0.258],
                [1.0, 0.0, 0.0, 0.001, 0.0, 1.0, 0.0, 0.873, 0.0, 0.0, 1.0, -0.258]
            ]
        }
    ]
}