{
    "animation": [
        {
            "name": "root",
            "time": [0.0, 0.0417, 0.0833, 0.125, 0.1667, 0.2083, 0.25, 0.2917, 0.3333, 0.375, 0.4167, 0.4583, 0.5, 0.5417, 0.5833, 0.625, 0.6667, 0.7083, 0.75, 0.7917, 0.8333, 0.875, 0.9167, 0.9583, 1.0, 1.0417, 1.0833, 1.125, 1.1667, 1.2083, 1.25, 1.2917, 1.3333, 1.375, 1.4167, 1.4583, 1.5, 1.5417, 1.5833, 1.625, 1.6667, 1.7083, 1.75, 1.7917, 1.8333, 1.875, 1.9167, 1.9583, 2.0],
            "transform": [
                [0.978456, 0.160343, -0.130058, 0.0, -0.148622, 0.984285, 0.095362, -1.345899, 0.143305, -0.073978, 0.98691, 2.401968, 0.0, 0.0, 0.0, 1.0],
                [0.969961, 0.204621, -0.13155, 0.0, -0.188151, 0.973833, 0.127467, -1.473467, 0.15419, -0.098887, 0.98308, 2.347296, 0.0, 0.0, 0.0, 1.0],
                [0.959636, 0.248566, -0.131581, 0.0, -0.226982, 0.960747, 0.159514, -1.601035, 0.166066, -0.123209, 0.978387, 2.292624, 0.0, 0.0, 0.0, 1.0],
                [0.947522, 0.291997, -0.130152, 0.0, -0.264957, 0.945079, 0.191372, -1.728603, 0.178884, -0.146844, 0.97285, 2.237952, 0.0, 0.0, 0.0, 1.0],
                [0.945007, 0.300195, -0.129786, 0.0, -0.27207, 0.941813, 0.197401, -1.752353, 0.181493, -0.151234, 0.971694, 2.227773, 0.0, 0.0, 0.0, 1.0],
                [0.942428, 0.308372, -0.129368, 0.0, -0.279148, 0.938454, 0.203421, -1.776104, 0.184135, -0.155597, 0.970507, 2.217595, 0.0, 0.0, 0.0, 1.0],
                [0.939786, 0.316524, -0.128897, 0.0, -0.28619, 0.935005, 0.209431, -1.799854, 0.186809, -0.159932, 0.969291, 2.207416, 0.0, 0.0, 0.0, 1.0],
                [0.959628, 0.246286, -0.135859, 0.0, -0.218347, 0.956765, 0.192161, -1.499313, 0.177312, -0.154739, 0.971914, 2.239841, 0.0, 0.0, 0.0, 1.0],
                [0.974466, 0.174298, -0.141551, 0.0, -0.148784, 0.973385, 0.174311, -1.198771, 0.168166, -0.148799, 0.974464, 2.272267, 0.0, 0.0, 0.0, 1.0],
                [0.984115, 0.101134, -0.14591, 0.0, -0.078058, 0.984664, 0.156022, -0.89823, 0.159452, -0.142154, 0.976918, 2.304692, 0.0, 0.0, 0.0, 1.0],
                [0.988474, 0.027397, -0.148894, 0.0, -0.006749, 0.990486, 0.137444, -0.597689, 0.151243, -0.134855, 0.979255, 2.337117, 0.0, 0.0, 0.0, 1.0],
                [0.987528, -0.046302, -0.150485, 0.0, 0.06455, 0.990826, 0.118732, -0.297147, 0.143607, -0.126965, 0.981457, 2.369543, 0.0, 0.0, 0.0, 1.0],
                [0.98135, -0.119359, -0.150686, 0.0, 0.135255, 0.985747, 0.10004, 0.003394, 0.136597, -0.118556, 0.983507, 2.401968, 0.0, 0.0, 0.0, 1.0],
                [0.962865, -0.214297, -0.164221, 0.0, 0.236863, 0.96241, 0.132901, 0.01169, 0.129567, -0.166864, 0.97743, 2.401968, 0.0, 0.0, 0.0, 1.0],
                [0.934399, -0.306833, -0.180975, 0.0, 0.336304, 0.92734, 0.16413, 0.019985, 0.117465, -0.214226, 0.969695, 2.401968, 0.0, 0.0, 0.0, 1.0],
                [0.896379, -0.395265, -0.200674, 0.0, 0.431754, 0.881069, 0.193144, 0.02828, 0.100465, -0.259773, 0.960429, 2.401968, 0.0, 0.0, 0.0, 1.0],
                [0.849574, -0.478041, -0.222937, 0.0, 0.521533, 0.824529, 0.219443, 0.036576, 0.078916, -0.302702, 0.949812, 2.401968, 0.0, 0.0, 0.0, 1.0],
                [0.848062, -0.480333, -0.223767, 0.0, 0.524096, 0.822639, 0.22043, 0.038343, 0.0782, -0.304213, 0.949388, 2.401968, 0.0, 0.0, 0.0, 1.0],
                [0.846543, -0.482619, -0.224599, 0.0, 0.526652, 0.82074, 0.221414, 0.04011, 0.077479, -0.305722, 0.948963, 2.401968, 0.0, 0.0, 0.0, 1.0],
                [0.845016, -0.484899, -0.225434, 0.0, 0.529204, 0.818831, 0.222394, 0.041878, 0.076754, -0.307228, 0.948535, 2.401968, 0.0, 0.0, 0.0, 1.0],
                [0.843483, -0.487173, -0.226272, 0.0, 0.531749, 0.816914, 0.223372, 0.043645, 0.076024, -0.30873, 0.948106, 2.401968, 0.0, 0.0, 0.0, 1.0],
                [0.841942, -0.489442, -0.227113, 0.0, 0.534289, 0.814987, 0.224346, 0.045412, 0.075289, -0.31023, 0.947675, 2.401968, 0.0, 0.0, 0.0, 1.0],
                [0.840394, -0.491705, -0.227956, 0.0, 0.536824, 0.813051, 0.225318, 0.047179, 0.07455, -0.311728, 0.947242, 2.401968, 0.0, 0.0, 0.0, 1.0],
                [0.83884, -0.493962, -0.228801, 0.0, 0.539352, 0.811107, 0.226286, 0.048946, 0.073806, -0.313222, 0.946807, 2.401968, 0.0, 0.0, 0.0, 1.0],
                [0.837278, -0.496213, -0.22965, 0.0, 0.541875, 0.809153, 0.227251, 0.050714, 0.073057, -0.314714, 0.946371, 2.401968, 0.0, 0.0, 0.0, 1.0],
                [0.835709, -0.498458, -0.230501, 0.0, 0.544392, 0.807191, 0.228212, 0.052481, 0.072304, -0.316202, 0.945932, 2.401968, 0.0, 0.0, 0.0, 1.0],
                [0.834133, -0.500697, -0.231355, 0.0, 0.546903, 0.805219, 0.229171, 0.054248, 0.071546, -0.317688, 0.945492, 2.401968, 0.0, 0.0, 0.0, 1.0],
                [0.848244, -0.481838, -0.219802, 0.0, 0.52479, 0.820561, 0.226443, -0.005879, 0.071252, -0.307429, 0.948899, 2.408175, 0.0, 0.0, 0.0, 1.0],
                [0.861837, -0.462457, -0.208258, 0.0, 0.502238, 0.83538, 0.223379, -0.066006, 0.070672, -0.297111, 0.952224, 2.414383, 0.0, 0.0, 0.0, 1.0],
                [0.874887, -0.442569, -0.196736, 0.0, 0.47927, 0.849654, 0.219977, -0.126133, 0.069803, -0.286745, 0.955461, 2.42059, 0.0, 0.0, 0.0, 1.0],
                [0.887376, -0.422193, -0.18525, 0.0, 0.455908, 0.863359, 0.216238, -0.18626, 0.068643, -0.276342, 0.958605, 2.426797, 0.0, 0.0, 0.0, 1.0],
                [0.899282, -0.401349, -0.173813, 0.0, 0.432178, 0.876475, 0.212165, -0.246387, 0.067191, -0.265914, 0.961652, 2.433005, 0.0, 0.0, 0.0, 1.0],
                [0.910586, -0.380059, -0.162441, 0.0, 0.408104, 0.888981, 0.207759, -0.306515, 0.065447, -0.255475, 0.964598, 2.439212, 0.0, 0.0, 0.0, 1.0],
                [0.921272, -0.358346, -0.151148, 0.0, 0.383714, 0.900858, 0.203023, -0.366642, 0.06341, -0.245037, 0.967438, 2.445419, 0.0, 0.0, 0.0, 1.0],
                [0.931323, -0.336232, -0.139946, 0.0, 0.359035, 0.912089, 0.197961, -0.426769, 0.061082, -0.234611, 0.970168, 2.451627, 0.0, 0.0, 0.0, 1.0],
                [0.940724, -0.313744, -0.12885, 0.0, 0.334095, 0.922656, 0.192578, -0.486896, 0.058464, -0.224211, 0.972785, 2.457834, 0.0, 0.0, 0.0, 1.0],
                [0.949462, -0.290906, -0.117875, 0.0, 0.308924, 0.932546, 0.18688, -0.547023, 0.055559, -0.21385, 0.975285, 2.464041, 0.0, 0.0, 0.0, 1.0],
                [0.957526, -0.267746, -0.107032, 0.0, 0.283551, 0.941746, 0.180872, -0.60715, 0.052369, -0.203539, 0.977665, 2.470248, 0.0, 0.0, 0.0, 1.0],
                [0.964905, -0.244292, -0.096336, 0.0, 0.258008, 0.950242, 0.174562, -0.667277, 0.048898, -0.193291, 0.979922, 2.476456, 0.0, 0.0, 0.0, 1.0],
                [0.97159, -0.220572, -0.085799, 0.0, 0.232324, 0.958027, 0.167958, -0.727404, 0.045151, -0.183119, 0.982054, 2.482663, 0.0, 0.0, 0.0, 1.0],
                [0.977575, -0.196614, -0.075433, 0.0, 0.206532, 0.965092, 0.161067, -0.787531, 0.041132, -0.173035, 0.984057, 2.48887, 0.0, 0.0, 0.0, 1.0],
                [0.982855, -0.172449, -0.065251, 0.0, 0.180662, 0.97143, 0.1539, -0.847658, 0.036847, -0.16305, 0.98593, 2.495078, 0.0, 0.0, 0.0, 1.0],
                [0.987426, -0.148106, -0.055264, 0.0, 0.154745, 0.977038, 0.146466, -0.907785, 0.032302, -0.153176, 0.987671, 2.501285, 0.0, 0.0, 0.0, 1.0],
                [0.991287, -0.123615, -0.045482, 0.0, 0.128813, 0.981911, 0.138775, -0.967912, 0.027505, -0.143425, 0.989279, 2.507493, 0.0, 0.0, 0.0, 1.0],
                [0.994438, -0.099007, -0.035917, 0.0, 0.102898, 0.98605, 0.130838, -1.02804, 0.022462, -0.133806, 0.990753, 2.5137, 0.0, 0.0, 0.0, 1.0],
                [0.996881, -0.074312, -0.026577, 0.0, 0.077028, 0.989455, 0.122666, -1.088167, 0.017181, -0.124331, 0.992092, 2.519907, 0.0, 0.0, 0.0, 1.0],
                [0.998618, -0.049559, -0.017472, 0.0, 0.051236, 0.992128, 0.114272, -1.148294, 0.011671, -0.115009, 0.993296, 2.526114, 0.0, 0.0, 0.0, 1.0],
                [0.999656, -0.024778, -0.008611, 0.0, 0.02555, 0.994074, 0.105667, -1.208421, 0.005941, -0.105851, 0.994365, 2.532322, 0.0, 0.0, 0.0, 1.0],
                [1.0, 0.0, 0.0, 0.0, 0.0, 0.995298, 0.096864, -1.268548, 0.0, -0.096864, 0.995298, 2.538529, 0.0, 0.0, 0.0, 1.0]
            ]
        },
        {
            "name": "right_hind_leg",
            "time": [0.0, 0.5417, 0.5833, 0.625, 0.6667, 0.7083, 0.75, 0.7917, 1.0833, 1.125, 1.1667, 1.2083, 1.25, 1.2917, 1.3333, 1.375, 1.4167, 1.4583, 1.5, 1.5417, 1.5833, 1.625, 1.6667, 1.7083, 1.75, 1.7917, 1.8333, 1.875, 1.9167, 1.9583, 2.0],
            "transform": [
                [0.764398, 0.566969, 0.306986, 0.999854, -0.438404, 0.107942, 0.892272, 0.352899, 0.472754, -0.816635, 0.331072, -0.092456, 0.0, 0.0, 0.0, 1.0],
                [0.764398, 0.566969, 0.306986, 0.999854, -0.438404, 0.107942, 0.892272, 0.352899, 0.472754, -0.816635, 0.331072, -0.092456, 0.0, 0.0, 0.0, 1.0],
                [0.764398, 0.566969, 0.306986, 0.999854, -0.438404, 0.107942, 0.892272, 0.3529, 0.472754, -0.816635, 0.331072, -0.092455, 0.0, 0.0, 0.0, 1.0],
                [0.764398, 0.566969, 0.306986, 0.999854, -0.438404, 0.107942, 0.892272, 0.3529, 0.472754, -0.816635, 0.331072, -0.092455, 0.0, 0.0, 0.0, 1.0],
                [0.764398, 0.566969, 0.306986, 0.999854, -0.438404, 0.107942, 0.892272, 0.3529, 0.472754, -0.816636, 0.331072, -0.092455, 0.0, 0.0, 0.0, 1.0],
                [0.764398, 0.566969, 0.306986, 0.999854, -0.438404, 0.107942, 0.892272, 0.3529, 0.472754, -0.816635, 0.331072, -0.092455, 0.0, 0.0, 0.0, 1.0],
                [0.764398, 0.566969, 0.306986, 0.999854, -0.438404, 0.107942, 0.892272, 0.3529, 0.472754, -0.816635, 0.331072, -0.092456, 0.0, 0.0, 0.0, 1.0],
                [0.764398, 0.566969, 0.306986, 0.999854, -0.438404, 0.107942, 0.892272, 0.3529, 0.472754, -0.816635, 0.331072, -0.092455, 0.0, 0.0, 0.0, 1.0],
                [0.764398, 0.566969, 0.306986, 0.999854, -0.438404, 0.107942, 0.892272, 0.3529, 0.472754, -0.816635, 0.331072, -0.092455, 0.0, 0.0, 0.0, 1.0],
                [0.77727, 0.555814, 0.294824, 0.999854, -0.426553, 0.121064, 0.896323, 0.340783, 0.462497, -0.822443, 0.331184, -0.100584, 0.0, 0.0, 0.0, 1.0],
                [0.789842, 0.544338, 0.282567, 0.999854, -0.414409, 0.134037, 0.900165, 0.328666, 0.45212, -0.828087, 0.331447, -0.108713, 0.0, 0.0, 0.0, 1.0],
                [0.802106, 0.532546, 0.270221, 0.999854, -0.401979, 0.146851, 0.903796, 0.316549, 0.441631, -0.833563, 0.331863, -0.116842, 0.0, 0.0, 0.0, 1.0],
                [0.81405, 0.520445, 0.257795, 0.999854, -0.389268, 0.159497, 0.90721, 0.304432, 0.431036, -0.838866, 0.332432, -0.124972, 0.0, 0.0, 0.0, 1.0],
                [0.825664, 0.508042, 0.245297, 0.999854, -0.376285, 0.171965, 0.910404, 0.292315, 0.420342, -0.84399, 0.333155, -0.1331, 0.0, 0.0, 0.0, 1.0],
                [0.836939, 0.495344, 0.232735, 0.999854, -0.363037, 0.184246, 0.913376, 0.280198, 0.409555, -0.848932, 0.334031, -0.14123, 0.0, 0.0, 0.0, 1.0],
                [0.847866, 0.482358, 0.220119, 0.999854, -0.349533, 0.19633, 0.916122, 0.268081, 0.398684, -0.853688, 0.335062, -0.149359, 0.0, 0.0, 0.0, 1.0],
                [0.858436, 0.469093, 0.207456, 0.999854, -0.335781, 0.208208, 0.91864, 0.255964, 0.387734, -0.858254, 0.336246, -0.157488, 0.0, 0.0, 0.0, 1.0],
                [0.86864, 0.455557, 0.194756, 0.999854, -0.32179, 0.219871, 0.920927, 0.243847, 0.376714, -0.862625, 0.337583, -0.165617, 0.0, 0.0, 0.0, 1.0],
                [0.878472, 0.44176, 0.182026, 0.999854, -0.30757, 0.231312, 0.922981, 0.23173, 0.365632, -0.8668, 0.339073, -0.173746, 0.0, 0.0, 0.0, 1.0],
                [0.887924, 0.42771, 0.169277, 0.999854, -0.293129, 0.242521, 0.924801, 0.219613, 0.354494, -0.870773, 0.340715, -0.181875, 0.0, 0.0, 0.0, 1.0],
                [0.896988, 0.413418, 0.156516, 0.999855, -0.278479, 0.253491, 0.926386, 0.207496, 0.343309, -0.874544, 0.342506, -0.190004, 0.0, 0.0, 0.0, 1.0],
                [0.905659, 0.398892, 0.143753, 0.999854, -0.263629, 0.264214, 0.927734, 0.195379, 0.332085, -0.878108, 0.344448, -0.198133, 0.0, 0.0, 0.0, 1.0],
                [0.913932, 0.384145, 0.130997, 0.999855, -0.24859, 0.274684, 0.928844, 0.183262, 0.320828, -0.881465, 0.346537, -0.206263, 0.0, 0.0, 0.0, 1.0],
                [0.921801, 0.369185, 0.118256, 0.999855, -0.233372, 0.284892, 0.929716, 0.171145, 0.309548, -0.884611, 0.348771, -0.214391, 0.0, 0.0, 0.0, 1.0],
                [0.929262, 0.354025, 0.105539, 0.999855, -0.217987, 0.294833, 0.930351, 0.159028, 0.298252, -0.887546, 0.35115, -0.22252, 0.0, 0.0, 0.0, 1.0],
                [0.93631, 0.338676, 0.092856, 0.999855, -0.202446, 0.304501, 0.930749, 0.146911, 0.286948, -0.890268, 0.353671, -0.230649, 0.0, 0.0, 0.0, 1.0],
                [0.942942, 0.323148, 0.080214, 0.999855, -0.186761, 0.31389, 0.930909, 0.134794, 0.275644, -0.892775, 0.356332, -0.238778, 0.0, 0.0, 0.0, 1.0],
                [0.949157, 0.307454, 0.067622, 0.999855, -0.170942, 0.322995, 0.930834, 0.122677, 0.264347, -0.895067, 0.35913, -0.246908, 0.0, 0.0, 0.0, 1.0],
                [0.954951, 0.291604, 0.055089, 0.999855, -0.155002, 0.331811, 0.930524, 0.11056, 0.253066, -0.897144, 0.362062, -0.255037, 0.0, 0.0, 0.0, 1.0],
                [0.960324, 0.275611, 0.042623, 0.999855, -0.138951, 0.340333, 0.929981, 0.098443, 0.241808, -0.899006, 0.365126, -0.263166, 0.0, 0.0, 0.0, 1.0],
                [0.965273, 0.259488, 0.030232, 0.999855, -0.122803, 0.348558, 0.929207, 0.086326, 0.23058, -0.900651, 0.368319, -0.271295, 0.0, 0.0, 0.0, 1.0]
            ]
        },
        {
            "name": "right_hind_leg_tip",
            "time": [0.0, 0.0417, 0.0833, 0.125, 0.1667, 0.2083, 0.25, 0.2917, 0.3333, 0.375, 0.4167, 0.4583, 0.5, 0.5417, 0.5833, 0.625, 0.6667, 0.7083, 0.75, 0.7917, 0.8333, 0.875, 0.9167, 0.9583, 1.0, 1.0417, 1.0833, 1.125, 1.1667, 1.2083, 1.25, 1.2917, 1.3333, 1.375, 1.4167, 1.4583, 1.5, 1.5417, 1.5833, 1.625, 1.6667, 1.7083, 1.75, 1.7917, 1.8333, 1.875, 1.9167, 1.9583, 2.0],
            "transform": [
                [0.943433, -0.297213, -0.146965, -0.0, 0.159399, 0.017898, 0.987052, 1.692269, -0.290734, -0.954643, 0.064261, -0.0, 0.0, 0.0, 0.0, 1.0],
                [0.942678, -0.300428, -0.145262, -0.0, 0.15921, 0.022338, 0.986992, 1.692269, -0.293276, -0.953542, 0.068889, -0.0, 0.0, 0.0, 0.0, 1.0],
                [0.941914, -0.303634, -0.143544, -0.0, 0.159033, 0.026779, 0.98691, 1.692269, -0.295816, -0.952412, 0.073511, -0.0, 0.0, 0.0, 0.0, 1.0],
                [0.941141, -0.30683, -0.141809, -0.0, 0.158868, 0.03122, 0.986806, 1.692269, -0.298354, -0.951252, 0.078128, -0.0, 0.0, 0.0, 0.0, 1.0],
                [0.940359, -0.310015, -0.140058, 0.0, 0.158714, 0.035662, 0.98668, 1.692269, -0.300891, -0.950062, 0.082739, -0.0, 0.0, 0.0, 0.0, 1.0],
                [0.939568, -0.31319, -0.138292, -0.0, 0.158573, 0.040105, 0.986532, 1.692269, -0.303426, -0.948843, 0.087344, -0.0, 0.0, 0.0, 0.0, 1.0],
                [0.938768, -0.316355, -0.13651, 0.0, 0.158443, 0.044547, 0.986363, 1.692269, -0.30596, -0.947594, 0.091943, -0.0, 0.0, 0.0, 0.0, 1.0],
                [0.937959, -0.319509, -0.134713, -0.0, 0.158325, 0.048989, 0.986171, 1.692269, -0.308491, -0.946316, 0.096536, -0.0, 0.0, 0.0, 0.0, 1.0],
                [0.937141, -0.322652, -0.1329, -0.0, 0.158219, 0.053431, 0.985957, 1.692269, -0.311021, -0.945008, 0.101122, -0.0, 0.0, 0.0, 0.0, 1.0],
                [0.936314, -0.325785, -0.131071, 0.0, 0.158124, 0.057873, 0.985722, 1.692269, -0.313548, -0.943671, 0.105701, -0.0, 0.0, 0.0, 0.0, 1.0],
                [0.935479, -0.328906, -0.129227, -0.0, 0.158041, 0.062314, 0.985464, 1.692269, -0.316073, -0.942304, 0.110274, 0.0, 0.0, 0.0, 0.0, 1.0],
                [0.934635, -0.332016, -0.127368, -0.0, 0.15797, 0.066754, 0.985185, 1.692269, -0.318595, -0.940909, 0.114839, -0.0, 0.0, 0.0, 0.0, 1.0],
                [0.933782, -0.335115, -0.125494, -0.0, 0.157912, 0.071193, 0.984883, 1.692269, -0.321115, -0.939484, 0.119397, -0.0, 0.0, 0.0, 0.0, 1.0],
                [0.932921, -0.338202, -0.123605, 0.0, 0.157864, 0.07563, 0.98456, 1.692269, -0.323632, -0.938029, 0.123947, -0.0, 0.0, 0.0, 0.0, 1.0],
                [0.932051, -0.341278, -0.121701, -0.0, 0.157829, 0.080066, 0.984215, 1.692269, -0.326147, -0.936546, 0.128489, -0.0, 0.0, 0.0, 0.0, 1.0],
                [0.931172, -0.344342, -0.119782, -0.0, 0.157806, 0.0845, 0.983848, 1.692268, -0.328659, -0.935034, 0.133023, -0.0, 0.0, 0.0, 0.0, 1.0],
                [0.930285, -0.347394, -0.117848, -0.0, 0.157794, 0.088933, 0.983459, 1.692269, -0.331167, -0.933493, 0.137549, -0.0, 0.0, 0.0, 0.0, 1.0],
                [0.929389, -0.350434, -0.115899, 0.0, 0.157794, 0.093363, 0.983048, 1.692268, -0.333673, -0.931923, 0.142067, -0.0, 0.0, 0.0, 0.0, 1.0],
                [0.928485, -0.353461, -0.113936, -0.0, 0.157806, 0.09779, 0.982616, 1.692268, -0.336175, -0.930324, 0.146575, -0.0, 0.0, 0.0, 0.0, 1.0],
                [0.927572, -0.356477, -0.111958, -0.0, 0.15783, 0.102216, 0.982162, 1.692268, -0.338674, -0.928696, 0.151075, -0.0, 0.0, 0.0, 0.0, 1.0],
                [0.926651, -0.359479, -0.109966, -0.0, 0.157866, 0.106638, 0.981685, 1.692268, -0.341169, -0.92704, 0.155566, -0.0, 0.0, 0.0, 0.0, 1.0],
                [0.925722, -0.362469, -0.10796, -0.0, 0.157913, 0.111057, 0.981188, 1.692268, -0.343661, -0.925355, 0.160047, -0.0, 0.0, 0.0, 0.0, 1.0],
                [0.924784, -0.365447, -0.105939, -0.0, 0.157972, 0.115474, 0.980668, 1.692268, -0.346149, -0.923642, 0.164519, -0.0, 0.0, 0.0, 0.0, 1.0],
                [0.923838, -0.368411, -0.103904, 0.0, 0.158044, 0.119886, 0.980127, 1.692268, -0.348633, -0.921901, 0.168981, -0.0, 0.0, 0.0, 0.0, 1.0],
                [0.922884, -0.371363, -0.101855, 0.0, 0.158127, 0.124296, 0.979564, 1.692268, -0.351114, -0.920131, 0.173433, -0.0, 0.0, 0.0, 0.0, 1.0],
                [0.921922, -0.374301, -0.099793, -0.0, 0.158221, 0.128701, 0.97898, 1.692268, -0.35359, -0.918333, 0.177875, -0.0, 0.0, 0.0, 0.0, 1.0],
                [0.920952, -0.377226, -0.097716, 0.0, 0.158328, 0.133102, 0.978374, 1.692268, -0.356062, -0.916507, 0.182306, -0.0, 0.0, 0.0, 0.0, 1.0],
                [0.924823, -0.367231, -0.099218, -0.0, 0.153722, 0.122211, 0.980527, 1.692268, -0.347954, -0.922067, 0.169475, 0.0, 0.0, 0.0, 0.0, 1.0],
                [0.928609, -0.357168, -0.100581, -0.0, 0.149207, 0.111237, 0.982529, 1.692268, -0.33974, -0.927393, 0.156587, -0.0, 0.0, 0.0, 0.0, 1.0],
                [0.932308, -0.347042, -0.101806, -0.0, 0.144784, 0.100182, 0.984378, 1.692268, -0.331421, -0.932484, 0.143647, -0.0, 0.0, 0.0, 0.0, 1.0],
                [0.935918, -0.336855, -0.10289, -0.0, 0.140456, 0.089052, 0.986074, 1.692268, -0.323001, -0.937336, 0.130659, -0.0, 0.0, 0.0, 0.0, 1.0],
                [0.939438, -0.326612, -0.103833, 0.0, 0.136224, 0.07785, 0.987614, 1.692268, -0.314483, -0.941947, 0.117628, -0.0, 0.0, 0.0, 0.0, 1.0],
                [0.942866, -0.316316, -0.104635, 0.0, 0.132091, 0.066581, 0.988999, 1.692268, -0.30587, -0.946315, 0.10456, -0.0, 0.0, 0.0, 0.0, 1.0],
                [0.9462, -0.305973, -0.105294, -0.0, 0.128059, 0.055249, 0.990226, 1.692268, -0.297165, -0.950436, 0.091459, -0.0, 0.0, 0.0, 0.0, 1.0],
                [0.949439, -0.295585, -0.10581, -0.0, 0.124129, 0.043858, 0.991296, 1.692268, -0.288371, -0.954309, 0.078331, -0.0, 0.0, 0.0, 0.0, 1.0],
                [0.952581, -0.285156, -0.106183, -0.0, 0.120303, 0.032413, 0.992208, 1.692268, -0.279493, -0.957933, 0.065181, -0.0, 0.0, 0.0, 0.0, 1.0],
                [0.955626, -0.274692, -0.106413, -0.0, 0.116583, 0.020918, 0.992961, 1.692268, -0.270532, -0.961305, 0.052015, -0.0, 0.0, 0.0, 0.0, 1.0],
                [0.958571, -0.264196, -0.106498, -0.0, 0.11297, 0.009379, 0.993554, 1.692268, -0.261494, -0.964424, 0.038836, -0.0, 0.0, 0.0, 0.0, 1.0],
                [0.961417, -0.253671, -0.10644, -0.0, 0.109465, -0.002202, 0.993988, 1.692268, -0.252381, -0.967288, 0.025652, -0.0, 0.0, 0.0, 0.0, 1.0],
                [0.96416, -0.243123, -0.106238, -0.0, 0.106071, -0.013818, 0.994263, 1.692268, -0.243197, -0.969897, 0.012466, -0.0, 0.0, 0.0, 0.0, 1.0],
                [0.966801, -0.232556, -0.105893, -0.0, 0.102788, -0.025465, 0.994377, 1.692268, -0.233945, -0.97225, -0.000716, -0.0, 0.0, 0.0, 0.0, 1.0],
                [0.969339, -0.221974, -0.105404, -0.0, 0.099617, -0.037139, 0.994333, 1.692268, -0.22463, -0.974345, -0.013888, -0.0, 0.0, 0.0, 0.0, 1.0],
                [0.971772, -0.21138, -0.104772, 0.0, 0.09656, -0.048835, 0.994129, 1.692268, -0.215256, -0.976183, -0.027046, -0.0, 0.0, 0.0, 0.0, 1.0],
                [0.974101, -0.20078, -0.103998, -0.0, 0.093617, -0.060549, 0.993765, 1.692268, -0.205825, -0.977763, -0.040184, -0.0, 0.0, 0.0, 0.0, 1.0],
                [0.976323, -0.190177, -0.103082, -0.0, 0.09079, -0.072275, 0.993244, 1.692268, -0.196342, -0.979086, -0.053297, -0.0, 0.0, 0.0, 0.0, 1.0],
                [0.978439, -0.179576, -0.102025, -0.0, 0.088079, -0.084008, 0.992565, 1.692268, -0.186812, -0.980151, -0.06638, -0.0, 0.0, 0.0, 0.0, 1.0],
                [0.980449, -0.168981, -0.100827, -0.0, 0.085486, -0.095745, 0.991729, 1.692268, -0.177237, -0.980958, -0.079428, -0.0, 0.0, 0.0, 0.0, 1.0],
                [0.982351, -0.158395, -0.099491, -0.0, 0.08301, -0.107481, 0.990736, 1.692268, -0.167621, -0.981508, -0.092436, -0.0, 0.0, 0.0, 0.0, 1.0],
                [0.984145, -0.147824, -0.098016, 0.0, 0.080652, -0.11921, 0.989588, 1.692268, -0.15797, -0.981803, -0.105398, -0.0, 0.0, 0.0, 0.0, 1.0]
            ]
        },
        {
            "name": "right_hind_foot",
            "time": [0.0, 0.0417, 0.0833, 0.125, 0.1667, 0.2083, 0.25, 0.2917, 0.3333, 0.375, 0.4167, 0.4583, 0.5, 0.5417, 0.5833, 0.625, 0.6667, 0.7083, 0.75, 0.7917, 0.8333, 0.875, 0.9167, 0.9583, 1.0, 1.0417, 1.0833, 1.125, 1.1667, 1.2083, 1.25, 1.2917, 1.3333, 1.375, 1.4167, 1.4583, 1.5, 1.5417, 1.5833, 1.625, 1.6667, 1.7083, 1.75, 1.7917, 1.8333, 1.875, 1.9167, 1.9583, 2.0],
            "transform": [
                [0.925996, 0.076305, 0.369741, -0.0, 0.26118, -0.836658, -0.481445, 2.159911, 0.27261, 0.542385, -0.794671, -0.0, 0.0, 0.0, 0.0, 1.0],
                [0.924568, 0.077458, 0.37306, -0.0, 0.262981, -0.83823, -0.477715, 2.159911, 0.275707, 0.539788, -0.795371, 0.0, 0.0, 0.0, 0.0, 1.0],
                [0.923127, 0.078622, 0.37637, -0.0, 0.264768, -0.839791, -0.473972, 2.159911, 0.278807, 0.537188, -0.79605, -0.0, 0.0, 0.0, 0.0, 1.0],
                [0.921674, 0.079796, 0.379671, 0.0, 0.266541, -0.841339, -0.470217, 2.159912, 0.281911, 0.534585, -0.796709, -0.0, 0.0, 0.0, 0.0, 1.0],
                [0.920207, 0.080982, 0.382963, 0.0, 0.268299, -0.842877, -0.46645, 2.159911, 0.285017, 0.531979, -0.797348, -0.0, 0.0, 0.0, 0.0, 1.0],
                [0.918728, 0.082178, 0.386246, -0.0, 0.270043, -0.844401, -0.46267, 2.159912, 0.288125, 0.529371, -0.797966, 0.0, 0.0, 0.0, 0.0, 1.0],
                [0.917236, 0.083386, 0.38952, -0.0, 0.271772, -0.845915, -0.458878, 2.159912, 0.291236, 0.52676, -0.798565, -0.0, 0.0, 0.0, 0.0, 1.0],
                [0.915731, 0.084604, 0.392784, -0.0, 0.273487, -0.847415, -0.455075, 2.159912, 0.29435, 0.524148, -0.799142, -0.0, 0.0, 0.0, 0.0, 1.0],
                [0.914213, 0.085833, 0.396039, -0.0, 0.275187, -0.848904, -0.45126, 2.159911, 0.297466, 0.521532, -0.799699, -0.0, 0.0, 0.0, 0.0, 1.0],
                [0.912683, 0.087072, 0.399284, -0.0, 0.276872, -0.85038, -0.447433, 2.159911, 0.300584, 0.518915, -0.800235, -0.0, 0.0, 0.0, 0.0, 1.0],
                [0.911141, 0.088322, 0.402519, -0.0, 0.278543, -0.851844, -0.443595, 2.159911, 0.303703, 0.516296, -0.800751, -0.0, 0.0, 0.0, 0.0, 1.0],
                [0.909586, 0.089583, 0.405744, -0.0, 0.280199, -0.853296, -0.439745, 2.159911, 0.306825, 0.513675, -0.801247, -0.0, 0.0, 0.0, 0.0, 1.0],
                [0.908019, 0.090855, 0.408959, -0.0, 0.28184, -0.854735, -0.435884, 2.159911, 0.309949, 0.511052, -0.801722, -0.0, 0.0, 0.0, 0.0, 1.0],
                [0.906439, 0.092137, 0.412164, -0.0, 0.283465, -0.856162, -0.432013, 2.159912, 0.313075, 0.508427, -0.802176, -0.0, 0.0, 0.0, 0.0, 1.0],
                [0.904847, 0.093429, 0.415359, -0.0, 0.285076, -0.857576, -0.42813, 2.159911, 0.316201, 0.505801, -0.802609, -0.0, 0.0, 0.0, 0.0, 1.0],
                [0.903243, 0.094733, 0.418543, -0.0, 0.286672, -0.858978, -0.424237, 2.159911, 0.31933, 0.503173, -0.803023, -0.0, 0.0, 0.0, 0.0, 1.0],
                [0.901626, 0.096046, 0.421717, -0.0, 0.288252, -0.860367, -0.420333, 2.159912, 0.32246, 0.500544, -0.803415, -0.0, 0.0, 0.0, 0.0, 1.0],
                [0.899998, 0.09737, 0.42488, -0.0, 0.289818, -0.861744, -0.416418, 2.159911, 0.32559, 0.497913, -0.803787, -0.0, 0.0, 0.0, 0.0, 1.0],
                [0.898358, 0.098704, 0.428032, -0.0, 0.291367, -0.863107, -0.412494, 2.159912, 0.328722, 0.495281, -0.804138, -0.0, 0.0, 0.0, 0.0, 1.0],
                [0.896705, 0.100048, 0.431173, 0.0, 0.292902, -0.864459, -0.408559, 2.159911, 0.331855, 0.492648, -0.804469, -0.0, 0.0, 0.0, 0.0, 1.0],
                [0.895041, 0.101402, 0.434303, 0.0, 0.294421, -0.865796, -0.404615, 2.159911, 0.334989, 0.490015, -0.804778, 0.0, 0.0, 0.0, 0.0, 1.0],
                [0.893365, 0.102767, 0.437422, -0.0, 0.295925, -0.867122, -0.40066, 2.159912, 0.338124, 0.48738, -0.805068, -0.0, 0.0, 0.0, 0.0, 1.0],
                [0.891677, 0.104142, 0.44053, -0.0, 0.297413, -0.868434, -0.396696, 2.159912, 0.341259, 0.484744, -0.805336, -0.0, 0.0, 0.0, 0.0, 1.0],
                [0.889977, 0.105526, 0.443627, 0.0, 0.298886, -0.869734, -0.392722, 2.159911, 0.344394, 0.482108, -0.805584, -0.0, 0.0, 0.0, 0.0, 1.0],
                [0.888266, 0.106921, 0.446712, 0.0, 0.300343, -0.87102, -0.388739, 2.159912, 0.34753, 0.479471, -0.805811, -0.0, 0.0, 0.0, 0.0, 1.0],
                [0.886543, 0.108326, 0.449785, 0.0, 0.301784, -0.872294, -0.384747, 2.159912, 0.350667, 0.476833, -0.806017, 0.0, 0.0, 0.0, 0.0, 1.0],
                [0.884809, 0.10974, 0.452847, -0.0, 0.30321, -0.873554, -0.380746, 2.159912, 0.353803, 0.474195, -0.806203, -0.0, 0.0, 0.0, 0.0, 1.0],
                [0.894098, 0.101895, 0.436127, -0.0, 0.288459, -0.875923, -0.386718, 2.159912, 0.342608, 0.471568, -0.812554, -0.0, 0.0, 0.0, 0.0, 1.0],
                [0.903021, 0.093963, 0.419194, -0.0, 0.273545, -0.878166, -0.392424, 2.159911, 0.331249, 0.469036, -0.818706, -0.0, 0.0, 0.0, 0.0, 1.0],
                [0.911571, 0.085948, 0.40206, -0.0, 0.258478, -0.880283, -0.397859, 2.159912, 0.319731, 0.4666, -0.824656, 0.0, 0.0, 0.0, 0.0, 1.0],
                [0.919739, 0.077854, 0.384733, -0.0, 0.243266, -0.88227, -0.403017, 2.159912, 0.308061, 0.464263, -0.830397, -0.0, 0.0, 0.0, 0.0, 1.0],
                [0.927518, 0.069686, 0.367224, -0.0, 0.227919, -0.884125, -0.407893, 2.159911, 0.296247, 0.462026, -0.835925, 0.0, 0.0, 0.0, 0.0, 1.0],
                [0.934902, 0.06145, 0.349545, 0.0, 0.212447, -0.885846, -0.412484, 2.159911, 0.284295, 0.459892, -0.841235, 0.0, 0.0, 0.0, 0.0, 1.0],
                [0.941884, 0.053151, 0.331705, -0.0, 0.196858, -0.887433, -0.416785, 2.159911, 0.272214, 0.457862, -0.846323, -0.0, 0.0, 0.0, 0.0, 1.0],
                [0.948459, 0.044794, 0.313717, -0.0, 0.181164, -0.888884, -0.420792, 2.159912, 0.260009, 0.455938, -0.851185, -0.0, 0.0, 0.0, 0.0, 1.0],
                [0.954621, 0.036384, 0.295592, 0.0, 0.165373, -0.890197, -0.424502, 2.159911, 0.24769, 0.454122, -0.855818, 0.0, 0.0, 0.0, 0.0, 1.0],
                [0.960365, 0.027927, 0.277342, 0.0, 0.149497, -0.89137, -0.427913, 2.159912, 0.235264, 0.452414, -0.860216, -0.0, 0.0, 0.0, 0.0, 1.0],
                [0.965688, 0.019429, 0.258978, -0.0, 0.133545, -0.892405, -0.431021, 2.159912, 0.222739, 0.450817, -0.864379, -0.0, 0.0, 0.0, 0.0, 1.0],
                [0.970585, 0.010894, 0.240512, -0.0, 0.117529, -0.893299, -0.433825, 2.159911, 0.210123, 0.449331, -0.868303, -0.0, 0.0, 0.0, 0.0, 1.0],
                [0.975053, 0.002329, 0.221958, 0.0, 0.101458, -0.894052, -0.436322, 2.159911, 0.197425, 0.447956, -0.871985, -0.0, 0.0, 0.0, 0.0, 1.0],
                [0.979091, -0.006261, 0.203326, -0.0, 0.085344, -0.894664, -0.438512, 2.159912, 0.184654, 0.446695, -0.875424, -0.0, 0.0, 0.0, 0.0, 1.0],
                [0.982695, -0.014869, 0.18463, 0.0, 0.069197, -0.895134, -0.440393, 2.159911, 0.171817, 0.445548, -0.878616, -0.0, 0.0, 0.0, 0.0, 1.0],
                [0.985866, -0.023491, 0.165882, -0.0, 0.053028, -0.895464, -0.441965, 2.159912, 0.158924, 0.444514, -0.881561, -0.0, 0.0, 0.0, 0.0, 1.0],
                [0.9886, -0.032121, 0.147095, -0.0, 0.036847, -0.895651, -0.443227, 2.159911, 0.145983, 0.443595, -0.884258, -0.0, 0.0, 0.0, 0.0, 1.0],
                [0.9909, -0.040752, 0.12828, -0.0, 0.020666, -0.895698, -0.444181, 2.159911, 0.133002, 0.44279, -0.886706, -0.0, 0.0, 0.0, 0.0, 1.0],
                [0.992765, -0.04938, 0.109451, -0.0, 0.004494, -0.895605, -0.444827, 2.159912, 0.119991, 0.4421, -0.888904, 0.0, 0.0, 0.0, 0.0, 1.0],
                [0.994195, -0.057998, 0.09062, -0.0, -0.011657, -0.895372, -0.445165, 2.159912, 0.106958, 0.441525, -0.890851, 0.0, 0.0, 0.0, 0.0, 1.0],
                [0.995193, -0.066602, 0.071799, 0.0, -0.027777, -0.895001, -0.445198, 2.159912, 0.093911, 0.441063, -0.892549, -0.0, 0.0, 0.0, 0.0, 1.0],
                [0.99576, -0.075185, 0.053, 0.0, -0.043857, -0.894492, -0.444927, 2.159912, 0.080859, 0.440716, -0.893997, -0.0, 0.0, 0.0, 0.0, 1.0]
            ]
        },
        {
            "name": "left_hind_leg",
            "time": [0.0, 0.0417, 0.0833, 0.125, 0.1667, 0.2083, 0.25, 0.2917, 0.3333, 0.375, 0.4167, 0.4583, 0.5, 0.5417, 0.5833, 0.625, 0.6667, 0.8333, 0.875, 0.9167, 1.0417, 1.0833, 1.125, 1.1667, 1.2083, 1.25, 1.2917, 1.3333, 1.375, 1.4167, 1.4583, 1.5, 1.5417, 1.5833, 1.625, 1.6667, 1.7083, 1.75, 1.7917, 1.8333, 1.875, 1.9167, 1.9583, 2.0],
            "transform": [
                [0.782724, -0.61954, -0.059263, -0.999947, 0.5739, 0.681649, 0.453864, 0.352899, -0.240791, -0.389262, 0.889098, -0.092457, 0.0, 0.0, 0.0, 1.0],
                [0.783985, -0.620679, -0.011124, -0.999947, 0.573247, 0.716965, 0.39667, 0.352899, -0.23823, -0.317361, 0.917894, -0.092457, 0.0, 0.0, 0.0, 1.0],
                [0.785343, -0.617952, 0.037026, -0.999947, 0.572405, 0.747635, 0.336737, 0.352899, -0.23577, -0.243261, 0.94087, -0.092457, 0.0, 0.0, 0.0, 1.0],
                [0.786784, -0.611385, 0.084723, -0.999947, 0.571382, 0.773364, 0.274643, 0.352899, -0.233435, -0.167675, 0.957806, -0.092457, 0.0, 0.0, 0.0, 1.0],
                [0.788934, -0.604872, 0.10822, -0.999947, 0.571145, 0.786802, 0.233956, 0.352899, -0.226661, -0.122767, 0.966206, -0.092457, 0.0, 0.0, 0.0, 1.0],
                [0.791223, -0.597246, 0.131381, -0.999948, 0.570603, 0.798307, 0.192658, 0.352899, -0.219947, -0.077469, 0.972431, -0.092457, 0.0, 0.0, 0.0, 1.0],
                [0.793644, -0.588534, 0.154127, -0.999948, 0.569758, 0.807841, 0.150892, 0.352899, -0.213315, -0.031939, 0.976461, -0.092457, 0.0, 0.0, 0.0, 1.0],
                [0.793216, -0.58974, 0.151704, -0.999948, 0.568601, 0.806484, 0.162101, 0.352899, -0.217944, -0.042322, 0.975043, -0.092457, 0.0, 0.0, 0.0, 1.0],
                [0.7928, -0.59092, 0.149267, -0.999948, 0.567391, 0.805007, 0.17329, 0.352899, -0.222561, -0.052692, 0.973493, -0.092457, 0.0, 0.0, 0.0, 1.0],
                [0.792396, -0.592074, 0.146815, -0.999948, 0.566129, 0.803413, 0.184457, 0.352899, -0.227165, -0.063047, 0.971813, -0.092458, 0.0, 0.0, 0.0, 1.0],
                [0.792005, -0.593203, 0.14435, -0.999948, 0.564815, 0.801701, 0.1956, 0.352899, -0.231756, -0.073385, 0.970002, -0.092458, 0.0, 0.0, 0.0, 1.0],
                [0.834775, -0.550324, 0.017121, -0.999948, 0.535612, 0.818878, 0.206296, 0.352899, -0.127549, -0.163041, 0.978339, -0.092457, 0.0, 0.0, 0.0, 1.0],
                [0.861917, -0.495057, -0.109623, -0.999948, 0.506724, 0.833258, 0.22116, 0.3529, -0.018142, -0.246171, 0.969056, -0.092457, 0.0, 0.0, 0.0, 1.0],
                [0.877819, -0.46853, -0.099562, -0.999948, 0.478531, 0.866934, 0.139407, 0.3529, 0.020997, -0.170018, 0.985217, -0.092457, 0.0, 0.0, 0.0, 1.0],
                [0.892979, -0.44058, -0.092079, -0.999948, 0.446398, 0.893086, 0.055914, 0.3529, 0.0576, -0.091034, 0.99418, -0.092456, 0.0, 0.0, 0.0, 1.0],
                [0.907192, -0.411561, -0.087289, -0.999948, 0.410718, 0.911325, -0.02824, 0.3529, 0.091172, -0.010232, 0.995782, -0.092456, 0.0, 0.0, 0.0, 1.0],
                [0.920282, -0.381858, -0.085238, -0.999948, 0.371979, 0.921465, -0.111959, 0.3529, 0.121297, 0.071327, 0.990049, -0.092456, 0.0, 0.0, 0.0, 1.0],
                [0.920282, -0.381858, -0.085238, -0.999948, 0.371979, 0.921465, -0.111959, 0.3529, 0.121297, 0.071327, 0.990049, -0.092456, 0.0, 0.0, 0.0, 1.0],
                [0.920282, -0.381858, -0.085238, -0.999948, 0.371979, 0.921465, -0.111959, 0.3529, 0.121297, 0.071327, 0.99005, -0.092456, 0.0, 0.0, 0.0, 1.0],
                [0.920282, -0.381858, -0.085238, -0.999948, 0.371979, 0.921465, -0.111959, 0.3529, 0.121297, 0.071327, 0.990049, -0.092456, 0.0, 0.0, 0.0, 1.0],
                [0.920282, -0.381858, -0.085238, -0.999948, 0.371979, 0.921465, -0.111959, 0.3529, 0.121297, 0.071327, 0.990049, -0.092456, 0.0, 0.0, 0.0, 1.0],
                [0.920282, -0.381858, -0.085238, -0.999948, 0.371979, 0.921465, -0.111959, 0.3529, 0.121297, 0.071328, 0.990049, -0.092456, 0.0, 0.0, 0.0, 1.0],
                [0.921837, -0.378332, -0.08416, -0.999948, 0.368627, 0.922912, -0.111125, 0.340783, 0.119715, 0.071415, 0.990236, -0.100586, 0.0, 0.0, 0.0, 1.0],
                [0.923376, -0.374799, -0.083079, -0.999948, 0.365269, 0.924346, -0.110293, 0.328666, 0.118132, 0.071496, 0.99042, -0.108714, 0.0, 0.0, 0.0, 1.0],
                [0.924901, -0.371261, -0.081994, -0.999948, 0.361904, 0.925766, -0.109466, 0.316549, 0.116548, 0.071571, 0.990601, -0.116843, 0.0, 0.0, 0.0, 1.0],
                [0.926411, -0.367718, -0.080906, -0.999948, 0.358532, 0.927174, -0.108643, 0.304432, 0.114964, 0.071641, 0.990782, -0.124972, 0.0, 0.0, 0.0, 1.0],
                [0.927907, -0.364168, -0.079814, -0.999948, 0.355154, 0.928569, -0.107823, 0.292315, 0.113379, 0.071704, 0.99096, -0.133101, 0.0, 0.0, 0.0, 1.0],
                [0.929387, -0.360614, -0.07872, -0.999948, 0.351769, 0.929951, -0.107008, 0.280198, 0.111794, 0.071761, 0.991136, -0.141231, 0.0, 0.0, 0.0, 1.0],
                [0.930853, -0.357054, -0.077621, -0.999948, 0.348377, 0.931319, -0.106196, 0.268081, 0.110208, 0.071811, 0.991309, -0.14936, 0.0, 0.0, 0.0, 1.0],
                [0.932304, -0.353489, -0.07652, -0.999948, 0.34498, 0.932675, -0.105388, 0.255964, 0.108622, 0.071856, 0.991481, -0.157489, 0.0, 0.0, 0.0, 1.0],
                [0.933739, -0.349919, -0.075415, -0.999947, 0.341575, 0.934017, -0.104585, 0.243847, 0.107035, 0.071895, 0.991651, -0.165618, 0.0, 0.0, 0.0, 1.0],
                [0.93516, -0.346343, -0.074307, -0.999947, 0.338165, 0.935347, -0.103785, 0.23173, 0.105448, 0.071928, 0.991819, -0.173747, 0.0, 0.0, 0.0, 1.0],
                [0.936566, -0.342763, -0.073196, -0.999947, 0.334749, 0.936663, -0.10299, 0.219613, 0.103861, 0.071954, 0.991985, -0.181876, 0.0, 0.0, 0.0, 1.0],
                [0.937956, -0.339178, -0.072081, -0.999947, 0.331327, 0.937965, -0.102198, 0.207496, 0.102273, 0.071975, 0.992148, -0.190005, 0.0, 0.0, 0.0, 1.0],
                [0.939332, -0.335588, -0.070964, -0.999947, 0.327899, 0.939254, -0.10141, 0.195379, 0.100685, 0.071989, 0.99231, -0.198135, 0.0, 0.0, 0.0, 1.0],
                [0.940692, -0.331993, -0.069843, -0.999947, 0.324464, 0.94053, -0.100627, 0.183262, 0.099097, 0.071997, 0.992469, -0.206264, 0.0, 0.0, 0.0, 1.0],
                [0.942037, -0.328394, -0.068719, -0.999947, 0.321025, 0.941793, -0.099848, 0.171145, 0.097508, 0.072, 0.992626, -0.214392, 0.0, 0.0, 0.0, 1.0],
                [0.943367, -0.32479, -0.067592, -0.999947, 0.317579, 0.943042, -0.099072, 0.159028, 0.09592, 0.071996, 0.992781, -0.222522, 0.0, 0.0, 0.0, 1.0],
                [0.944682, -0.321182, -0.066462, -0.999947, 0.314128, 0.944278, -0.098301, 0.146911, 0.094331, 0.071986, 0.992934, -0.23065, 0.0, 0.0, 0.0, 1.0],
                [0.945982, -0.317569, -0.065329, -0.999947, 0.310671, 0.9455, -0.097534, 0.134794, 0.092743, 0.07197, 0.993085, -0.23878, 0.0, 0.0, 0.0, 1.0],
                [0.947266, -0.313952, -0.064193, -0.999947, 0.307209, 0.946709, -0.096772, 0.122677, 0.091154, 0.071948, 0.993234, -0.246909, 0.0, 0.0, 0.0, 1.0],
                [0.948535, -0.310331, -0.063054, -0.999947, 0.303742, 0.947904, -0.096013, 0.11056, 0.089565, 0.071919, 0.99338, -0.255038, 0.0, 0.0, 0.0, 1.0],
                [0.949788, -0.306705, -0.061912, -0.999947, 0.300269, 0.949086, -0.095259, 0.098443, 0.087976, 0.071885, 0.993525, -0.263167, 0.0, 0.0, 0.0, 1.0],
                [0.951026, -0.303076, -0.060767, -0.999947, 0.296791, 0.950254, -0.094508, 0.086326, 0.086388, 0.071845, 0.993667, -0.271296, 0.0, 0.0, 0.0, 1.0]
            ]
        },
        {
            "name": "left_hind_leg_tip",
            "time": [0.0, 0.0417, 0.0833, 0.125, 0.1667, 0.2083, 0.25, 0.2917, 0.3333, 0.375, 0.4167, 0.4583, 0.5, 0.5417, 0.5833, 0.625, 0.6667, 0.8333, 0.875, 1.0833, 1.125, 1.1667, 1.2083, 1.25, 1.2917, 1.3333, 1.375, 1.4167, 1.4583, 1.5, 1.5417, 1.5833, 1.625, 1.6667, 1.7083, 1.75, 1.7917, 1.8333, 1.875, 1.9167, 1.9583, 2.0],
            "transform": [
                [1.0, 0.0, -1e-06, -0.0, 1e-06, -0.443964, 0.896045, 1.692269, -0.0, -0.896045, -0.443964, 0.0, 0.0, 0.0, 0.0, 1.0],
                [1.0, 0.0, -1e-06, -0.0, 1e-06, -0.481938, 0.876206, 1.692269, -0.0, -0.876206, -0.481938, 0.0, 0.0, 0.0, 0.0, 1.0],
                [1.0, 0.0, -1e-06, -0.0, 1e-06, -0.519045, 0.854748, 1.692269, -1e-06, -0.854748, -0.519044, 0.0, 0.0, 0.0, 0.0, 1.0],
                [1.0, 0.0, -1e-06, -0.0, 1e-06, -0.555181, 0.83173, 1.692269, -1e-06, -0.83173, -0.555181, -0.0, 0.0, 0.0, 0.0, 1.0],
                [1.0, 0.0, -1e-06, 0.0, 1e-06, -0.572989, 0.819563, 1.692269, -1e-06, -0.819564, -0.572989, -0.0, 0.0, 0.0, 0.0, 1.0],
                [1.0, 0.0, -1e-06, -0.0, 1e-06, -0.590532, 0.807014, 1.692269, -1e-06, -0.807014, -0.590533, -0.0, 0.0, 0.0, 0.0, 1.0],
                [1.0, 0.0, -1e-06, -0.0, 1e-06, -0.607799, 0.794091, 1.692269, -1e-06, -0.794091, -0.607799, 0.0, 0.0, 0.0, 0.0, 1.0],
                [0.999961, 0.007544, 0.00449, 0.0, 0.000851, -0.592362, 0.805672, 1.692269, 0.008738, -0.805637, -0.592346, 0.0, 0.0, 0.0, 0.0, 1.0],
                [0.999846, 0.015175, 0.008836, 0.0, 0.001532, -0.576695, 0.816958, 1.692269, 0.017493, -0.816819, -0.57663, -0.0, 0.0, 0.0, 0.0, 1.0],
                [0.999653, 0.022886, 0.013033, 0.0, 0.002044, -0.560809, 0.827943, 1.692268, 0.026258, -0.827629, -0.560662, -0.0, 0.0, 0.0, 0.0, 1.0],
                [0.999383, 0.030674, 0.017079, -0.0, 0.002387, -0.544714, 0.838619, 1.692268, 0.035027, -0.838061, -0.544452, -0.0, 0.0, 0.0, 0.0, 1.0],
                [0.999973, 0.005542, -0.004678, -0.0, 0.006858, -0.512558, 0.858625, 1.692268, 0.002361, -0.858635, -0.512583, -0.0, 0.0, 0.0, 0.0, 1.0],
                [0.999467, -0.0204, -0.025465, -0.0, 0.012559, -0.479797, 0.87729, 1.692268, -0.030114, -0.877143, -0.479285, 0.0, 0.0, 0.0, 0.0, 1.0],
                [0.9997, -0.015293, -0.019107, 0.0, 0.009411, -0.480456, 0.876969, 1.692268, -0.022592, -0.876886, -0.480168, -0.0, 0.0, 0.0, 0.0, 1.0],
                [0.999867, -0.010191, -0.012743, -0.0, 0.006269, -0.481131, 0.876627, 1.692269, -0.015064, -0.87659, -0.481003, 0.0, 0.0, 0.0, 0.0, 1.0],
                [0.999967, -0.005093, -0.006374, -0.0, 0.003132, -0.481821, 0.876264, 1.692269, -0.007534, -0.876255, -0.481789, 0.0, 0.0, 0.0, 0.0, 1.0],
                [1.0, 0.0, -1e-06, 0.0, 1e-06, -0.482527, 0.875881, 1.692269, -0.0, -0.875881, -0.482527, -0.0, 0.0, 0.0, 0.0, 1.0],
                [1.0, 0.0, -1e-06, 0.0, 1e-06, -0.482527, 0.875881, 1.692269, -0.0, -0.875881, -0.482527, -0.0, 0.0, 0.0, 0.0, 1.0],
                [1.0, 0.0, -1e-06, -0.0, 1e-06, -0.482527, 0.875882, 1.692269, -0.0, -0.875882, -0.482527, 0.0, 0.0, 0.0, 0.0, 1.0],
