package susen36.epicdragonfight.gameasset;

import com.mojang.math.Vector3f;
import susen36.epicdragonfight.api.animation.Joint;
import susen36.epicdragonfight.api.animation.JointTransform;
import susen36.epicdragonfight.api.animation.Keyframe;
import susen36.epicdragonfight.api.animation.TransformSheet;
import susen36.epicdragonfight.api.animation.types.StaticAnimation;
import susen36.epicdragonfight.api.model.Armature;
import susen36.epicdragonfight.api.utils.math.OpenMatrix4f;

import java.nio.FloatBuffer;
import java.util.ArrayList;
import java.util.List;

public class DragonAnimationData {
    private static final OpenMatrix4f CORRECTION = OpenMatrix4f.createRotatorDeg(-90.0F, Vector3f.XP);

    public static void loadAirstrike(StaticAnimation animation) {
        Armature armature = animation.getModel().getArmature();

        float[] t0 = {
            0.0F, 0.067F, 0.433F, 0.8F, 0.933F
        };

        float[] m0 = new float[]{
            1.0F, 0.0F, 0.0F, 0.0F, 0.0F, 0.998F, 0.062F, -1.269F, 0.0F, 0.062F, 0.998F, 0.201F,
            1.0F, 0.0F, 0.0F, 0.0F, 0.0F, 0.998F, 0.069F, -1.269F, 0.0F, 0.069F, 0.998F, 0.207F,
            1.0F, 0.0F, 0.0F, 0.0F, 0.0F, 0.988F, -0.152F, -1.269F, 0.0F, 0.152F, 0.988F, -0.148F,
            1.0F, 0.0F, 0.0F, 0.0F, 0.0F, 1.0F, 0.054F, -1.269F, 0.0F, 0.054F, 1.0F, 0.227F,
            1.0F, 0.0F, 0.0F, 0.0F, 0.0F, 0.998F, 0.062F, -1.269F, 0.0F, 0.062F, 0.998F, 0.201F,
        };

        addJoint(armature, animation, "root", t0, m0, true);

        float[] t1 = {
            0.0F, 0.433F, 0.933F
        };

        float[] m1 = new float[]{
            0.707F, 0.586F, 0.396F, 1F, 0.044F, -0.522F, 0.852F, 0.545F, 0.706F, -0.619F, -0.344F, 0.036F,
            0.707F, 0.586F, 0.396F, 1F, 0.124F, -0.654F, 0.747F, 0.545F, 0.696F, -0.479F, -0.535F, 0.036F,
            0.707F, 0.586F, 0.396F, 1F, 0.044F, -0.522F, 0.852F, 0.545F, 0.706F, -0.619F, -0.344F, 0.036F,
        };

        addJoint(armature, animation, "right_hind_leg", t1, m1, false);

        float[] t2 = {
            0.0F, 0.933F
        };

        float[] m2 = new float[]{
            1.0F, 0.0F, 0.0F, 0.0F, 0.0F, 0.066F, 0.998F, 1.692F, 0.0F, -0.998F, 0.066F, 0.0F,
            1.0F, 0.0F, 0.0F, 0.0F, 0.0F, 0.066F, 0.998F, 1.692F, 0.0F, -0.998F, 0.066F, 0.0F,
        };

        addJoint(armature, animation, "right_hind_leg_tip", t2, m2, false);

        float[] t3 = {
            0.0F, 0.933F
        };

        float[] m3 = new float[]{
            1.0F, 0.0F, 0.0F, 0.0F, 0.0F, 0.107F, -0.994F, 2.16F, 0.0F, 0.994F, 0.107F, 0.0F,
            1.0F, 0.0F, 0.0F, 0.0F, 0.0F, 0.107F, -0.994F, 2.16F, 0.0F, 0.994F, 0.107F, 0.0F,
        };

        addJoint(armature, animation, "right_hind_foot", t3, m3, false);

        float[] t4 = {
            0.0F, 0.433F, 0.933F
        };

        float[] m4 = new float[]{
            0.707F, -0.586F, -0.396F, -1F, 0.044F, -0.522F, 0.852F, 0.545F, -0.706F, -0.619F, -0.344F, 0.036F,
            0.707F, -0.586F, -0.396F, -1F, -0.124F, -0.654F, 0.747F, 0.545F, -0.696F, -0.479F, -0.535F, 0.036F,
            0.707F, -0.586F, -0.396F, -1F, 0.044F, -0.522F, 0.852F, 0.545F, -0.706F, -0.619F, -0.344F, 0.036F,
        };

        addJoint(armature, animation, "left_hind_leg", t4, m4, false);

        float[] t5 = {
            0.0F, 0.933F
        };

        float[] m5 = new float[]{
            1.0F, 0.0F, 0.0F, 0.0F, 0.0F, 0.066F, 0.998F, 1.692F, 0.0F, -0.998F, 0.066F, 0.0F,
            1.0F, 0.0F, 0.0F, 0.0F, 0.0F, 0.066F, 0.998F, 1.692F, 0.0F, -0.998F, 0.066F, 0.0F,
        };

        addJoint(armature, animation, "left_hind_leg_tip", t5, m5, false);

        float[] t6 = {
            0.0F, 0.933F
        };

        float[] m6 = new float[]{
            1.0F, 0.0F, 0.0F, 0.0F, 0.0F, 0.107F, -0.994F, 2.16F, 0.0F, 0.994F, 0.107F, 0.0F,
            1.0F, 0.0F, 0.0F, 0.0F, 0.0F, 0.107F, -0.994F, 2.16F, 0.0F, 0.994F, 0.107F, 0.0F,
        };

        addJoint(armature, animation, "left_hind_foot", t6, m6, false);

        float[] t7 = {
            0.0F, 0.933F
        };

        float[] m7 = new float[]{
            1.0F, 0.0F, 0.0F, 0.0F, 0.0F, 1.0F, 0.0F, 0.274F, 0.0F, 0.0F, 1.0F, 0.0F,
            1.0F, 0.0F, 0.0F, 0.0F, 0.0F, 1.0F, 0.0F, 0.274F, 0.0F, 0.0F, 1.0F, 0.0F,
        };

        addJoint(armature, animation, "body", t7, m7, false);

        float[] t8 = {
            0.0F, 0.433F, 0.933F
        };

        float[] m8 = new float[]{
            -1.0F, 0.0F, 0.0F, 0.0F, 0.0F, -0.996F, 0.092F, -0.516F, 0.0F, 0.092F, 0.996F, 0.429F,
            -1.0F, 0.0F, 0.0F, 0.0F, 0.0F, -0.992F, 0.129F, -0.516F, 0.0F, 0.129F, 0.992F, 0.429F,
            -1.0F, 0.0F, 0.0F, 0.0F, 0.0F, -0.996F, 0.092F, -0.516F, 0.0F, 0.092F, 0.996F, 0.429F,
        };

        addJoint(armature, animation, "neck_tail_1", t8, m8, false);

        float[] t9 = {
            0.0F, 0.933F
        };

        float[] m9 = new float[]{
            1F, 0.0F, 0.0F, 0.0F, 0.0F, 0.993F, 0.117F, 0.616F, 0.0F, -0.117F, 0.993F, 0.0F,
            1F, 0.0F, 0.0F, 0.0F, 0.0F, 0.993F, 0.117F, 0.616F, 0.0F, -0.117F, 0.993F, 0.0F,
        };

        addJoint(armature, animation, "neck_tail_2", t9, m9, false);

        float[] t10 = {
            0.0F, 0.933F
        };

        float[] m10 = new float[]{
            1.0F, 0.0F, 0.0F, 0.0F, 0.0F, 0.991F, 0.132F, 0.625F, 0.0F, -0.132F, 0.991F, 0.0F,
            1.0F, 0.0F, 0.0F, 0.0F, 0.0F, 0.991F, 0.132F, 0.625F, 0.0F, -0.132F, 0.991F, 0.0F,
        };

        addJoint(armature, animation, "neck_tail_3", t10, m10, false);

        float[] t11 = {
            0.0F, 0.933F
        };

        float[] m11 = new float[]{
            1.0F, 0.0F, 0.0F, 0.0F, 0.0F, 0.989F, 0.145F, 0.626F, 0.0F, -0.145F, 0.989F, 0.0F,
            1.0F, 0.0F, 0.0F, 0.0F, 0.0F, 0.989F, 0.145F, 0.626F, 0.0F, -0.145F, 0.989F, 0.0F,
        };

        addJoint(armature, animation, "neck_tail_4", t11, m11, false);

        float[] t12 = {
            0.0F, 0.933F
        };

        float[] m12 = new float[]{
            1.0F, 0.0F, 0.0F, 0.0F, 0.0F, 0.988F, 0.153F, 0.625F, 0.0F, -0.153F, 0.988F, 0.0F,
            1.0F, 0.0F, 0.0F, 0.0F, 0.0F, 0.988F, 0.153F, 0.625F, 0.0F, -0.153F, 0.988F, 0.0F,
        };

        addJoint(armature, animation, "neck_tail_5", t12, m12, false);

        float[] t13 = {
            0.0F, 0.933F
        };

        float[] m13 = new float[]{
            1.0F, 0.0F, 0.0F, 0.0F, 0.0F, 0.988F, 0.155F, 0.623F, 0.0F, -0.155F, 0.988F, 0.0F,
            1.0F, 0.0F, 0.0F, 0.0F, 0.0F, 0.988F, 0.155F, 0.623F, 0.0F, -0.155F, 0.988F, 0.0F,
        };

        addJoint(armature, animation, "neck_tail_6", t13, m13, false);

        float[] t14 = {
            0.0F, 0.933F
        };

        float[] m14 = new float[]{
            1.0F, 0.0F, 0.0F, 0.0F, 0.0F, 0.989F, 0.15F, 0.625F, 0.0F, -0.15F, 0.989F, 0.0F,
            1.0F, 0.0F, 0.0F, 0.0F, 0.0F, 0.989F, 0.15F, 0.625F, 0.0F, -0.15F, 0.989F, 0.0F,
        };

        addJoint(armature, animation, "neck_tail_7", t14, m14, false);

        float[] t15 = {
            0.0F, 0.933F
        };

        float[] m15 = new float[]{
            1.0F, 0.0F, 0.0F, 0.0F, 0.0F, 0.99F, 0.138F, 0.625F, 0.0F, -0.138F, 0.99F, 0.0F,
            1.0F, 0.0F, 0.0F, 0.0F, 0.0F, 0.99F, 0.138F, 0.625F, 0.0F, -0.138F, 0.99F, 0.0F,
        };

        addJoint(armature, animation, "neck_tail_8", t15, m15, false);

        float[] t16 = {
            0.0F, 0.933F
        };

        float[] m16 = new float[]{
            1.0F, 0.0F, 0.0F, 0.0F, 0.0F, 0.993F, 0.119F, 0.625F, 0.0F, -0.119F, 0.993F, 0.0F,
            1.0F, 0.0F, 0.0F, 0.0F, 0.0F, 0.993F, 0.119F, 0.625F, 0.0F, -0.119F, 0.993F, 0.0F,
        };

        addJoint(armature, animation, "neck_tail_9", t16, m16, false);

        float[] t17 = {
            0.0F, 0.933F
        };

        float[] m17 = new float[]{
            1.0F, 0.0F, 0.0F, 0.0F, 0.0F, 0.995F, 0.095F, 0.626F, 0.0F, 0.095F, 0.995F, 0.0F,
            1.0F, 0.0F, 0.0F, 0.0F, 0.0F, 0.995F, 0.095F, 0.626F, 0.0F, 0.095F, 0.995F, 0.0F,
        };

        addJoint(armature, animation, "neck_tail_10", t17, m17, false);

        float[] t18 = {
            0.0F, 0.933F
        };

        float[] m18 = new float[]{
            1.0F, 0.0F, 0.0F, 0.0F, 0.0F, 0.998F, 0.066F, 0.625F, 0.0F, 0.066F, 0.998F, 0.0F,
            1.0F, 0.0F, 0.0F, 0.0F, 0.0F, 0.998F, 0.066F, 0.625F, 0.0F, 0.066F, 0.998F, 0.0F,
        };

        addJoint(armature, animation, "neck_tail_11", t18, m18, false);

        float[] t19 = {
            0.0F, 0.933F
        };

        float[] m19 = new float[]{
            1.0F, 0.0F, 0.0F, 0.0F, 0.0F, 1.0F, 0.034F, 0.625F, 0.0F, 0.034F, 1.0F, 0.0F,
            1.0F, 0.0F, 0.0F, 0.0F, 0.0F, 1.0F, 0.034F, 0.625F, 0.0F, 0.034F, 1.0F, 0.0F,
        };

        addJoint(armature, animation, "neck_tail_12", t19, m19, false);

        float[] t20 = {
            0.0F, 0.433F, 0.933F
        };

        float[] m20 = new float[]{
            0.853F, 0.521F, 0.006F, 0.75F, 0.521F, -0.853F, 0.031F, 2.917F, 0.011F, 0.03F, -1.0F, -0.176F,
            0.853F, 0.521F, 0.006F, 0.75F, 0.516F, -0.846F, -0.134F, 2.917F, 0.075F, 0.111F, -0.991F, -0.176F,
            0.853F, 0.521F, 0.006F, 0.75F, 0.521F, -0.853F, 0.031F, 2.917F, 0.011F, 0.03F, -1.0F, -0.176F,
        };

        addJoint(armature, animation, "right_front_leg", t20, m20, false);

        float[] t21 = {
            0.0F, 0.933F
        };

        float[] m21 = new float[]{
            -0.714F, 0.269F, 0.647F, 0.0F, 0.462F, -0.513F, 0.723F, 1.253F, 0.526F, 0.815F, 0.242F, 0.0F,
            -0.714F, 0.269F, 0.647F, 0.0F, 0.462F, -0.513F, 0.723F, 1.253F, 0.526F, 0.815F, 0.242F, 0.0F,
        };

        addJoint(armature, animation, "right_front_leg_tip", t21, m21, false);

        float[] t22 = {
            0.0F, 0.933F
        };

        float[] m22 = new float[]{
            1.0F, 0F, 0F, 0.0F, 0.0F, 0.876F, 0.482F, 1.489F, 0F, -0.482F, 0.876F, 0.0F,
            1.0F, 0F, 0F, 0.0F, 0.0F, 0.876F, 0.482F, 1.489F, 0F, -0.482F, 0.876F, 0.0F,
        };

        addJoint(armature, animation, "right_front_foot", t22, m22, false);

        float[] t23 = {
            0.0F, 0.433F, 0.933F
        };

        float[] m23 = new float[]{
            0.853F, -0.521F, 0.006F, -0.75F, -0.521F, -0.853F, 0.031F, 2.917F, 0.011F, 0.03F, -1.0F, -0.176F,
            0.853F, -0.521F, 0.006F, -0.75F, -0.516F, -0.846F, -0.134F, 2.917F, 0.075F, 0.111F, -0.991F, -0.176F,
            0.853F, -0.521F, 0.006F, -0.75F, -0.521F, -0.853F, 0.031F, 2.917F, 0.011F, 0.03F, -1.0F, -0.176F,
        };

        addJoint(armature, animation, "left_front_leg", t23, m23, false);

        float[] t24 = {
            0.0F, 0.933F
        };

        float[] m24 = new float[]{
            -0.714F, -0.264F, -0.648F, 0.0F, -0.463F, -0.516F, 0.721F, 1.253F, -0.525F, 0.815F, 0.247F, 0.0F,
            -0.714F, -0.264F, -0.648F, 0.0F, -0.463F, -0.516F, 0.721F, 1.253F, -0.525F, 0.815F, 0.247F, 0.0F,
        };

        addJoint(armature, animation, "left_front_leg_tip", t24, m24, false);

        float[] t25 = {
            0.0F, 0.933F
        };

        float[] m25 = new float[]{
            1F, 0F, 0.004F, 0.0F, 0.002F, 0.809F, 0.587F, 1.489F, 0.003F, -0.587F, 0.809F, 0.0F,
            1F, 0F, 0.004F, 0.0F, 0.002F, 0.809F, 0.587F, 1.489F, 0.003F, -0.587F, 0.809F, 0.0F,
        };

        addJoint(armature, animation, "left_front_foot", t25, m25, false);

        float[] t26 = {
            0.0F, 0.433F, 0.8F, 0.933F
        };

        float[] m26 = new float[]{
            0.05F, 0.343F, -0.938F, 0.75F, -0.97F, 0.208F, 0.127F, 2.861F, 0.239F, 0.916F, 0.322F, 0.745F,
            -0.134F, 0.502F, 0.854F, 0.75F, -0.989F, -0.124F, 0.082F, 2.861F, 0.064F, -0.856F, 0.513F, 0.745F,
            0.023F, 0.906F, -0.422F, 0.75F, -1F, 0.023F, 0.005F, 2.861F, 0.005F, 0.422F, 0.907F, 0.745F,
            0.05F, 0.343F, -0.938F, 0.75F, -0.97F, 0.208F, 0.127F, 2.861F, 0.239F, 0.916F, 0.322F, 0.745F,
        };

        addJoint(armature, animation, "right_wing", t26, m26, false);

        float[] t27 = {
            0.0F, 0.25F, 0.433F, 0.65F, 0.8F, 0.933F
        };

        float[] m27 = new float[]{
            1.0F, 0.036F, 0.011F, 0.0F, 0.036F, 0.817F, -0.576F, 3.5F, 0.011F, 0.576F, 0.818F, 0.0F,
            1F, 0F, 0.012F, 0.0F, 0.008F, 0.709F, -0.705F, 3.5F, 0.009F, 0.705F, 0.709F, 0.0F,
            1F, 0.006F, 0.021F, 0.0F, 0.011F, 0.707F, 0.707F, 3.5F, 0.019F, -0.707F, 0.707F, 0.0F,
            1F, 0.025F, 0.018F, 0.0F, 0.031F, 0.781F, 0.623F, 3.5F, 0.001F, -0.624F, 0.782F, 0.0F,
            1F, 0.023F, 0.005F, 0.0F, 0.023F, 0.906F, 0.422F, 3.5F, 0.005F, -0.422F, 0.907F, 0.0F,
            1.0F, 0.036F, 0.011F, 0.0F, 0.036F, 0.817F, -0.576F, 3.5F, 0.011F, 0.576F, 0.818F, 0.0F,
        };

        addJoint(armature, animation, "right_wing_tip", t27, m27, false);

        float[] t28 = {
            0.0F, 0.433F, 0.8F, 0.933F
        };

        float[] m28 = new float[]{
            0.029F, -0.349F, 0.936F, -0.751F, 0.969F, 0.221F, 0.113F, 2.861F, -0.246F, 0.91F, 0.332F, 0.745F,
            -0.13F, -0.537F, -0.833F, -0.751F, 0.989F, -0.13F, 0.07F, 2.861F, 0.071F, -0.833F, 0.548F, 0.745F,
            0.023F, -0.906F, 0.422F, -0.751F, 1F, 0.023F, 0.005F, 2.861F, 0.005F, 0.422F, 0.907F, 0.745F,
            0.029F, -0.349F, 0.936F, -0.751F, 0.969F, 0.221F, 0.113F, 2.861F, -0.246F, 0.91F, 0.332F, 0.745F,
        };

        addJoint(armature, animation, "left_wing", t28, m28, false);

        float[] t29 = {
            0.0F, 0.25F, 0.433F, 0.65F, 0.8F, 0.933F
        };

        float[] m29 = new float[]{
            1.0F, 0.037F, 0.012F, 0.0F, 0.037F, 0.803F, -0.594F, 3.5F, 0.012F, 0.594F, 0.804F, 0.0F,
            1F, 0.007F, 0.002F, 0.0F, 0.006F, 0.674F, -0.739F, 3.5F, 0.004F, 0.739F, 0.674F, 0.0F,
            1F, 0.006F, 0.014F, 0.0F, 0.006F, 0.675F, 0.738F, 3.5F, 0.014F, -0.738F, 0.675F, 0.0F,
            1F, 0.029F, 0.008F, 0.0F, 0.027F, 0.773F, 0.633F, 3.5F, 0.012F, -0.633F, 0.774F, 0.0F,
            1F, 0.023F, 0.005F, 0.0F, 0.023F, 0.906F, 0.422F, 3.5F, 0.005F, -0.422F, 0.907F, 0.0F,
            1.0F, 0.037F, 0.012F, 0.0F, 0.037F, 0.803F, -0.594F, 3.5F, 0.012F, 0.594F, 0.804F, 0.0F,
        };

        addJoint(armature, animation, "left_wing_tip", t29, m29, false);

        float[] t30 = {
            0.0F, 0.467F, 0.933F
        };

        float[] m30 = new float[]{
            1.0F, 0.0F, 0.0F, 0.0F, 0.0F, 1F, 0.017F, 3.494F, 0.0F, 0.017F, 1F, 0.0F,
            1.0F, 0.0F, 0.0F, 0.0F, 0.0F, 0.945F, 0.327F, 3.494F, 0.0F, -0.327F, 0.945F, 0.0F,
            1.0F, 0.0F, 0.0F, 0.0F, 0.0F, 1F, 0.017F, 3.494F, 0.0F, 0.017F, 1F, 0.0F,
        };

        addJoint(armature, animation, "neck", t30, m30, false);

        float[] t31 = {
            0.0F, 0.467F, 0.933F
        };

        float[] m31 = new float[]{
            1.0F, 0.0F, 0.0F, 0.0F, 0.0F, 0.982F, 0.186F, 0.624F, 0.0F, -0.186F, 0.982F, 0.0F,
            1.0F, 0.0F, 0.0F, 0.0F, 0.0F, 0.986F, 0.169F, 0.624F, 0.0F, -0.169F, 0.986F, 0.0F,
            1.0F, 0.0F, 0.0F, 0.0F, 0.0F, 0.982F, 0.186F, 0.624F, 0.0F, -0.186F, 0.982F, 0.0F,
        };

        addJoint(armature, animation, "neck2", t31, m31, false);

        float[] t32 = {
            0.0F, 0.467F, 0.933F
        };

        float[] m32 = new float[]{
            1.0F, 0.0F, 0.0F, 0.0F, 0.0F, 0.981F, 0.192F, 0.627F, 0.0F, -0.192F, 0.981F, 0.0F,
            1.0F, 0.0F, 0.0F, 0.0F, 0.0F, 0.985F, 0.175F, 0.627F, 0.0F, -0.175F, 0.985F, 0.0F,
            1.0F, 0.0F, 0.0F, 0.0F, 0.0F, 0.981F, 0.192F, 0.627F, 0.0F, -0.192F, 0.981F, 0.0F,
        };

        addJoint(armature, animation, "neck3", t32, m32, false);

        float[] t33 = {
            0.0F, 0.467F, 0.933F
        };

        float[] m33 = new float[]{
            1.0F, 0.0F, 0.0F, 0.0F, 0.0F, 0.988F, 0.156F, 0.624F, 0.0F, -0.156F, 0.988F, 0.0F,
            1.0F, 0.0F, 0.0F, 0.0F, 0.0F, 0.99F, 0.139F, 0.624F, 0.0F, -0.139F, 0.99F, 0.0F,
            1.0F, 0.0F, 0.0F, 0.0F, 0.0F, 0.988F, 0.156F, 0.624F, 0.0F, -0.156F, 0.988F, 0.0F,
        };

        addJoint(armature, animation, "neck4", t33, m33, false);

        float[] t34 = {
            0.0F, 0.467F, 0.933F
        };

        float[] m34 = new float[]{
            1.0F, 0.0F, 0.0F, 0.0F, 0.0F, 0.996F, 0.087F, 0.624F, 0.0F, 0.087F, 0.996F, 0.0F,
            1.0F, 0.0F, 0.0F, 0.0F, 0.0F, 0.998F, 0.07F, 0.624F, 0.0F, 0.07F, 0.998F, 0.0F,
            1.0F, 0.0F, 0.0F, 0.0F, 0.0F, 0.996F, 0.087F, 0.624F, 0.0F, 0.087F, 0.996F, 0.0F,
        };

        addJoint(armature, animation, "neck5", t34, m34, false);

        float[] t35 = {
            0.0F, 0.933F
        };

        float[] m35 = new float[]{
            1.0F, 0.0F, 0.0F, 0.0F, 0.0F, 1.0F, 0.034F, 0.629F, 0.0F, 0.034F, 1.0F, 0.0F,
            1.0F, 0.0F, 0.0F, 0.0F, 0.0F, 1.0F, 0.034F, 0.629F, 0.0F, 0.034F, 1.0F, 0.0F,
        };

        addJoint(armature, animation, "head", t35, m35, false);

        float[] t36 = {
            0.0F, 0.933F
        };

        float[] m36 = new float[]{
            1.0F, 0.0F, 0.0F, 0.001F, 0.0F, 0.978F, -0.21F, 0.873F, 0.0F, 0.21F, 0.978F, -0.25F,
            1.0F, 0.0F, 0.0F, 0.001F, 0.0F, 0.978F, -0.21F, 0.873F, 0.0F, 0.21F, 0.978F, -0.25F,
        };

        addJoint(armature, animation, "upperJaw", t36, m36, false);

        float[] t37 = {
            0.0F, 0.933F
        };

        float[] m37 = new float[]{
            1.0F, 0.0F, 0.0F, 0.001F, 0.0F, 0.284F, 0.959F, 0.873F, 0.0F, -0.959F, 0.284F, -0.258F,
            1.0F, 0.0F, 0.0F, 0.001F, 0.0F, 0.284F, 0.959F, 0.873F, 0.0F, -0.959F, 0.284F, -0.258F,
        };

        addJoint(armature, animation, "jaw", t37, m37, false);

        animation.setTotalTime(t37[t37.length - 1]);
    }
    public static void loadAttack1(StaticAnimation animation) {
        Armature armature = animation.getModel().getArmature();

        float[] t0 = {
            0.0F, 0.117F, 0.25F, 0.5F, 0.65F, 1.1F, 2.0F
        };

        float[] m0 = new float[]{
            0.978F, 0.16F, -0.13F, 0.0F, -0.149F, 0.984F, 0.095F, -1.346F, 0.143F, 0.074F, 0.987F, 2.402F,
            0.948F, 0.292F, -0.13F, 0.0F, -0.265F, 0.945F, 0.191F, -1.729F, 0.179F, -0.147F, 0.973F, 2.238F,
            0.94F, 0.317F, -0.129F, 0.0F, -0.286F, 0.935F, 0.209F, -1.8F, 0.187F, -0.16F, 0.969F, 2.207F,
            0.981F, -0.119F, -0.151F, 0.0F, 0.135F, 0.986F, 0.1F, 0.003F, 0.137F, -0.119F, 0.984F, 2.402F,
            0.85F, -0.478F, -0.223F, 0.0F, 0.522F, 0.825F, 0.219F, 0.037F, 0.079F, -0.303F, 0.95F, 2.402F,
            0.834F, -0.501F, -0.231F, 0.0F, 0.547F, 0.805F, 0.229F, 0.054F, 0.072F, -0.318F, 0.945F, 2.402F,
            1.0F, 0.0F, 0.0F, 0.0F, 0.0F, 0.995F, 0.097F, -1.269F, 0.0F, 0.097F, 0.995F, 2.539F,
        };

        addJoint(armature, animation, "root", t0, m0, true);

        float[] t1 = {
            0.0F, 1.1F, 2.0F
        };

        float[] m1 = new float[]{
            0.764F, 0.567F, 0.307F, 1F, -0.438F, 0.108F, 0.892F, 0.353F, 0.473F, -0.817F, 0.331F, 0.092F,
            0.764F, 0.567F, 0.307F, 1F, -0.438F, 0.108F, 0.892F, 0.353F, 0.473F, -0.817F, 0.331F, 0.092F,
            0.965F, 0.259F, 0.03F, 1F, -0.123F, 0.349F, 0.929F, 0.086F, 0.231F, -0.901F, 0.368F, -0.271F,
        };

        addJoint(armature, animation, "right_hind_leg", t1, m1, false);

        float[] t2 = {
            0.0F, 1.1F, 2.0F
        };

        float[] m2 = new float[]{
            0.943F, -0.297F, -0.147F, 0.0F, 0.159F, 0.018F, 0.987F, 1.692F, -0.291F, -0.955F, 0.064F, 0.0F,
            0.921F, -0.377F, 0.098F, 0.0F, 0.158F, 0.133F, 0.978F, 1.692F, -0.356F, -0.917F, 0.182F, 0.0F,
            0.984F, -0.148F, 0.098F, 0.0F, 0.081F, -0.119F, 0.99F, 1.692F, -0.158F, -0.982F, -0.105F, 0.0F,
        };

        addJoint(armature, animation, "right_hind_leg_tip", t2, m2, false);

        float[] t3 = {
            0.0F, 1.1F, 2.0F
        };

        float[] m3 = new float[]{
            0.926F, 0.076F, 0.37F, 0.0F, 0.261F, -0.837F, -0.481F, 2.16F, 0.273F, 0.542F, -0.795F, 0.0F,
            0.885F, 0.11F, 0.453F, 0.0F, 0.303F, -0.874F, -0.381F, 2.16F, 0.354F, 0.474F, -0.806F, 0.0F,
            0.996F, 0.075F, 0.053F, 0.0F, 0.044F, -0.894F, -0.445F, 2.16F, 0.081F, 0.441F, -0.894F, 0.0F,
        };

        addJoint(armature, animation, "right_hind_foot", t3, m3, false);

        float[] t4 = {
            0.0F, 0.117F, 0.25F, 0.4F, 0.5F, 0.65F, 1.1F, 2.0F
        };

        float[] m4 = new float[]{
            0.783F, -0.62F, 0.059F, -1F, 0.574F, 0.682F, 0.454F, 0.353F, -0.241F, -0.389F, 0.889F, 0.092F,
            0.787F, -0.611F, 0.085F, -1F, 0.571F, 0.773F, 0.275F, 0.353F, -0.233F, -0.168F, 0.958F, 0.092F,
            0.794F, -0.589F, 0.154F, -1F, 0.57F, 0.808F, 0.151F, 0.353F, -0.213F, 0.032F, 0.976F, 0.092F,
            0.792F, -0.593F, 0.144F, -1F, 0.565F, 0.802F, 0.196F, 0.353F, -0.232F, 0.073F, 0.97F, 0.092F,
            0.862F, -0.495F, -0.11F, -1F, 0.507F, 0.833F, 0.221F, 0.353F, 0.018F, -0.246F, 0.969F, 0.092F,
            0.92F, -0.382F, 0.085F, -1F, 0.372F, 0.921F, -0.112F, 0.353F, 0.121F, 0.071F, 0.99F, 0.092F,
            0.92F, -0.382F, 0.085F, -1F, 0.372F, 0.921F, -0.112F, 0.353F, 0.121F, 0.071F, 0.99F, 0.092F,
            0.951F, -0.303F, 0.061F, -1F, 0.297F, 0.95F, 0.095F, 0.086F, 0.086F, 0.072F, 0.994F, -0.271F,
        };

        addJoint(armature, animation, "left_hind_leg", t4, m4, false);

        float[] t5 = {
            0.0F, 0.117F, 0.25F, 0.4F, 0.5F, 0.65F, 1.1F, 2.0F
        };

        float[] m5 = new float[]{
            1.0F, 0.0F, 0.0F, 0.0F, 0.0F, -0.444F, 0.896F, 1.692F, 0.0F, -0.896F, -0.444F, 0.0F,
            1.0F, 0.0F, 0.0F, 0.0F, 0.0F, -0.555F, 0.832F, 1.692F, 0.0F, -0.832F, -0.555F, 0.0F,
            1.0F, 0.0F, 0.0F, 0.0F, 0.0F, -0.608F, 0.794F, 1.692F, 0.0F, -0.794F, -0.608F, 0.0F,
            1.0F, 0.031F, 0.017F, 0.0F, 0.002F, -0.545F, 0.839F, 1.692F, 0.035F, -0.838F, -0.544F, 0.0F,
            1.0F, 0.02F, 0.025F, 0.0F, 0.013F, -0.48F, 0.877F, 1.692F, 0.03F, -0.877F, -0.479F, 0.0F,
            1.0F, 0.0F, 0.0F, 0.0F, 0.0F, -0.483F, 0.876F, 1.692F, 0.0F, -0.876F, -0.483F, 0.0F,
            1.0F, 0.0F, 0.0F, 0.0F, 0.0F, -0.483F, 0.876F, 1.692F, 0.0F, -0.876F, -0.483F, 0.0F,
            1.0F, 0.0F, 0.0F, 0.0F, 0.0F, -0.226F, 0.974F, 1.692F, 0.0F, -0.974F, -0.226F, 0.0F,
        };

        addJoint(armature, animation, "left_hind_leg_tip", t5, m5, false);

        float[] t6 = {
            0.0F, 0.117F, 0.25F, 0.4F, 0.5F, 0.65F, 1.1F, 2.0F
        };

        float[] m6 = new float[]{
            0.986F, 0.009F, -0.168F, 0.0F, 0.081F, -0.85F, -0.521F, 2.16F, -0.147F, 0.527F, -0.837F, 0.0F,
            0.987F, 0.018F, -0.157F, 0.0F, 0.075F, -0.821F, -0.566F, 2.16F, -0.139F, 0.571F, -0.809F, 0.0F,
            0.989F, 0.021F, -0.149F, 0.0F, 0.071F, -0.806F, -0.587F, 2.16F, -0.133F, 0.591F, -0.795F, 0.0F,
            0.99F, 0.032F, -0.138F, 0.0F, 0.065F, -0.764F, -0.642F, 2.16F, -0.126F, 0.645F, -0.754F, 0.0F,
            1F, 0.008F, 0.008F, 0.0F, 0.011F, -0.801F, -0.599F, 2.16F, 0.001F, 0.599F, -0.801F, 0.0F,
            0.998F, 0.005F, 0.059F, 0.0F, 0.046F, -0.694F, -0.719F, 2.16F, 0.038F, 0.72F, -0.693F, 0.0F,
            0.998F, 0.005F, 0.059F, 0.0F, 0.046F, -0.694F, -0.719F, 2.16F, 0.038F, 0.72F, -0.693F, 0.0F,
            0.983F, 0.177F, 0.055F, 0.0F, 0.097F, -0.24F, -0.966F, 2.16F, -0.158F, 0.955F, -0.253F, 0.0F,
        };

        addJoint(armature, animation, "left_hind_foot", t6, m6, false);

        float[] t7 = {
            0.0F, 0.4F, 0.5F, 0.65F, 1.1F, 2.0F
        };

        float[] m7 = new float[]{
            0.998F, 0.003F, 0.055F, 0.0F, 0.008F, 0.997F, 0.078F, 0.274F, 0.055F, 0.078F, 0.995F, 0.0F,
            0.998F, 0.003F, 0.055F, 0.0F, 0.008F, 0.997F, 0.078F, 0.274F, 0.055F, 0.078F, 0.995F, 0.0F,
            0.998F, 0.003F, 0.055F, 0.0F, 0.008F, 0.997F, 0.078F, 0.274F, 0.055F, 0.078F, 0.995F, 0.0F,
            0.998F, 0.003F, 0.055F, 0.0F, 0.008F, 0.997F, 0.078F, 0.274F, 0.055F, 0.078F, 0.995F, 0.0F,
            0.998F, 0.003F, 0.055F, 0.0F, 0.008F, 0.997F, 0.078F, 0.274F, 0.055F, 0.078F, 0.995F, 0.0F,
            1.0F, 0.0F, 0.0F, 0.0F, 0.0F, 0.996F, 0.095F, 0.274F, 0.0F, 0.095F, 0.996F, 0.0F,
        };

        addJoint(armature, animation, "body", t7, m7, false);

        float[] t8 = {
            0.0F, 0.5F, 0.65F, 1.1F, 2.0F
        };

        float[] m8 = new float[]{
            -0.917F, -0.374F, -0.14F, 0.0F, 0.388F, -0.917F, 0.096F, -0.516F, 0.092F, -0.142F, 0.986F, 0.429F,
            -0.919F, -0.371F, -0.133F, 0.0F, 0.38F, -0.923F, 0.053F, -0.516F, -0.104F, 0.099F, 0.99F, 0.429F,
            -0.895F, -0.404F, -0.188F, 0.0F, 0.436F, -0.883F, -0.176F, -0.516F, 0.094F, -0.239F, 0.966F, 0.429F,
            -0.896F, -0.376F, -0.236F, 0.0F, 0.428F, -0.871F, -0.239F, -0.516F, -0.116F, -0.316F, 0.942F, 0.429F,
            -0.994F, -0.109F, 0.015F, 0.0F, 0.109F, -0.993F, 0.041F, -0.516F, 0.01F, 0.042F, 1.0F, 0.429F,
        };

        addJoint(armature, animation, "neck_tail_1", t8, m8, false);

        float[] t9 = {
            0.0F, 0.5F, 0.65F, 1.1F, 2.0F
        };

        float[] m9 = new float[]{
            0.996F, 0.083F, 0.028F, 0.0F, 0.087F, 0.976F, 0.201F, 0.616F, 0.011F, -0.203F, 0.979F, 0.0F,
            0.996F, 0.083F, 0.028F, 0.0F, 0.087F, 0.976F, 0.201F, 0.616F, 0.011F, -0.203F, 0.979F, 0.0F,
            0.996F, 0.083F, 0.028F, 0.0F, 0.087F, 0.976F, 0.201F, 0.616F, 0.011F, -0.203F, 0.979F, 0.0F,
            0.996F, 0.083F, 0.028F, 0.0F, 0.087F, 0.976F, 0.201F, 0.616F, 0.011F, -0.203F, 0.979F, 0.0F,
            1.0F, 0.039F, 0.004F, 0.0F, 0.038F, 0.987F, 0.157F, 0.616F, 0.01F, -0.157F, 0.988F, 0.0F,
        };

        addJoint(armature, animation, "neck_tail_2", t9, m9, false);

        float[] t10 = {
            0.0F, 0.5F, 0.65F, 1.1F, 2.0F
        };

        float[] m10 = new float[]{
            1.0F, 0.046F, 0.022F, 0.0F, 0.049F, 0.984F, 0.173F, 0.625F, 0.014F, -0.174F, 0.985F, 0.0F,
            1.0F, 0.046F, 0.022F, 0.0F, 0.049F, 0.984F, 0.173F, 0.625F, 0.014F, -0.174F, 0.985F, 0.0F,
            1.0F, 0.046F, 0.022F, 0.0F, 0.049F, 0.984F, 0.173F, 0.625F, 0.014F, -0.174F, 0.985F, 0.0F,
            1.0F, 0.046F, 0.022F, 0.0F, 0.049F, 0.984F, 0.173F, 0.625F, 0.014F, -0.174F, 0.985F, 0.0F,
            1F, 0.029F, 0F, 0.0F, 0.029F, 0.989F, 0.144F, 0.625F, 0.005F, -0.144F, 0.99F, 0.0F,
        };

        addJoint(armature, animation, "neck_tail_3", t10, m10, false);

        float[] t11 = {
            0.0F, 0.5F, 0.65F, 1.1F, 2.0F
        };

        float[] m11 = new float[]{
            1F, 0.015F, 0.016F, 0.0F, 0.017F, 0.993F, 0.118F, 0.626F, 0.014F, -0.118F, 0.993F, 0.0F,
            1F, 0.015F, 0.016F, 0.0F, 0.017F, 0.993F, 0.118F, 0.626F, 0.014F, -0.118F, 0.993F, 0.0F,
            1F, 0.015F, 0.016F, 0.0F, 0.017F, 0.993F, 0.118F, 0.626F, 0.014F, -0.118F, 0.993F, 0.0F,
            1F, 0.015F, 0.016F, 0.0F, 0.017F, 0.993F, 0.118F, 0.626F, 0.014F, -0.118F, 0.993F, 0.0F,
            1F, 0.021F, 0.002F, 0.0F, 0.021F, 0.993F, 0.118F, 0.626F, 0F, -0.118F, 0.993F, 0.0F,
        };

        addJoint(armature, animation, "neck_tail_4", t11, m11, false);

        float[] t12 = {
            0.0F, 0.117F, 0.25F, 0.4F, 0.5F, 0.65F, 1.1F, 2.0F
        };

        float[] m12 = new float[]{
            1F, 0.007F, 0.012F, 0.0F, 0.007F, 1.0F, 0.049F, 0.625F, 0.012F, 0.049F, 1.0F, 0.0F,
            1F, 0.007F, 0.012F, 0.0F, 0.007F, 1.0F, 0.049F, 0.625F, 0.012F, 0.049F, 1.0F, 0.0F,
            1F, 0.007F, 0.012F, 0.0F, 0.007F, 1.0F, 0.049F, 0.625F, 0.012F, 0.049F, 1.0F, 0.0F,
            1F, 0.007F, 0.012F, 0.0F, 0.007F, 1.0F, 0.049F, 0.625F, 0.012F, 0.049F, 1.0F, 0.0F,
            1F, 0.007F, 0.012F, 0.0F, 0.007F, 1.0F, 0.049F, 0.625F, 0.012F, 0.049F, 1.0F, 0.0F,
            1F, 0.007F, 0.012F, 0.0F, 0.007F, 1.0F, 0.049F, 0.625F, 0.012F, 0.049F, 1.0F, 0.0F,
            1F, 0.007F, 0.012F, 0.0F, 0.007F, 1.0F, 0.049F, 0.625F, 0.012F, 0.049F, 1.0F, 0.0F,
            1F, 0.014F, 0.004F, 0.0F, 0.015F, 0.996F, 0.084F, 0.625F, 0.002F, 0.084F, 0.996F, 0.0F,
        };

        addJoint(armature, animation, "neck_tail_5", t12, m12, false);

        float[] t13 = {
            0.0F, 0.5F, 0.65F, 1.1F, 2.0F
        };

        float[] m13 = new float[]{
            1F, 0.024F, 0.009F, 0.0F, 0.024F, 1F, 0.005F, 0.623F, 0.009F, 0.005F, 1F, 0.0F,
            1F, 0.024F, 0.009F, 0.0F, 0.024F, 1F, 0.005F, 0.623F, 0.009F, 0.005F, 1F, 0.0F,
            1F, 0.024F, 0.009F, 0.0F, 0.024F, 1F, 0.005F, 0.623F, 0.009F, 0.005F, 1F, 0.0F,
            1F, 0.024F, 0.009F, 0.0F, 0.024F, 1F, 0.005F, 0.623F, 0.009F, 0.005F, 1F, 0.0F,
            1F, 0.01F, 0.004F, 0.0F, 0.01F, 1.0F, 0.043F, 0.623F, 0.003F, 0.043F, 1.0F, 0.0F,
        };

        addJoint(armature, animation, "neck_tail_6", t13, m13, false);

        float[] t14 = {
            0.0F, 0.5F, 1.1F, 2.0F
        };

        float[] m14 = new float[]{
            1.0F, 0.034F, 0.007F, 0.0F, 0.034F, 0.998F, 0.054F, 0.625F, 0.005F, 0.054F, 1.0F, 0.0F,
            1.0F, 0.034F, 0.007F, 0.0F, 0.034F, 0.998F, 0.054F, 0.625F, 0.005F, 0.054F, 1.0F, 0.0F,
            1.0F, 0.034F, 0.007F, 0.0F, 0.034F, 0.998F, 0.054F, 0.625F, 0.005F, 0.054F, 1.0F, 0.0F,
            1F, 0.006F, 0.003F, 0.0F, 0.006F, 1F, 0F, 0.625F, 0.003F, 0F, 1F, 0.0F,
        };

        addJoint(armature, animation, "neck_tail_7", t14, m14, false);

        float[] t15 = {
            0.0F, 0.5F, 0.65F, 1.1F, 2.0F
        };

        float[] m15 = new float[]{
            1.0F, 0.039F, 0.006F, 0.0F, 0.039F, 0.995F, 0.092F, 0.625F, 0.002F, 0.093F, 0.996F, 0.0F,
            1.0F, 0.039F, 0.006F, 0.0F, 0.039F, 0.995F, 0.092F, 0.625F, 0.002F, 0.093F, 0.996F, 0.0F,
            1.0F, 0.039F, 0.006F, 0.0F, 0.039F, 0.995F, 0.092F, 0.625F, 0.002F, 0.093F, 0.996F, 0.0F,
            1.0F, 0.039F, 0.006F, 0.0F, 0.039F, 0.995F, 0.092F, 0.625F, 0.002F, 0.093F, 0.996F, 0.0F,
            1F, 0.004F, 0.002F, 0.0F, 0.004F, 1.0F, 0.041F, 0.625F, 0.003F, 0.041F, 1.0F, 0.0F,
        };

        addJoint(armature, animation, "neck_tail_8", t15, m15, false);

        float[] t16 = {
            0.0F, 0.5F, 0.65F, 1.1F, 2.0F
        };

        float[] m16 = new float[]{
            1.0F, 0.039F, 0.004F, 0.0F, 0.039F, 0.992F, -0.118F, 0.625F, 0F, 0.118F, 0.993F, 0.0F,
            1.0F, 0.039F, 0.004F, 0.0F, 0.039F, 0.992F, -0.118F, 0.625F, 0F, 0.118F, 0.993F, 0.0F,
            1.0F, 0.039F, 0.004F, 0.0F, 0.039F, 0.992F, -0.118F, 0.625F, 0F, 0.118F, 0.993F, 0.0F,
            1.0F, 0.039F, 0.004F, 0.0F, 0.039F, 0.992F, -0.118F, 0.625F, 0F, 0.118F, 0.993F, 0.0F,
            1F, 0.003F, 0.002F, 0.0F, 0.003F, 0.997F, 0.075F, 0.625F, 0.002F, 0.075F, 0.997F, 0.0F,
        };

        addJoint(armature, animation, "neck_tail_9", t16, m16, false);

        float[] t17 = {
            0.0F, 0.5F, 0.65F, 1.1F, 2.0F
        };

        float[] m17 = new float[]{
            1.0F, 0.034F, 0.003F, 0.0F, 0.034F, 0.99F, -0.137F, 0.626F, 0.002F, 0.137F, 0.991F, 0.0F,
            1.0F, 0.034F, 0.003F, 0.0F, 0.034F, 0.99F, -0.137F, 0.626F, 0.002F, 0.137F, 0.991F, 0.0F,
            1.0F, 0.034F, 0.003F, 0.0F, 0.034F, 0.99F, -0.137F, 0.626F, 0.002F, 0.137F, 0.991F, 0.0F,
            1.0F, 0.034F, 0.003F, 0.0F, 0.034F, 0.99F, -0.137F, 0.626F, 0.002F, 0.137F, 0.991F, 0.0F,
            1F, 0.002F, 0.001F, 0.0F, 0.002F, 0.995F, 0.098F, 0.626F, 0.001F, 0.098F, 0.995F, 0.0F,
        };

        addJoint(armature, animation, "neck_tail_10", t17, m17, false);

        float[] t18 = {
            0.0F, 0.5F, 0.65F, 1.1F, 2.0F
        };

        float[] m18 = new float[]{
            1F, 0.025F, 0.002F, 0.0F, 0.025F, 0.992F, -0.125F, 0.625F, 0.002F, 0.125F, 0.992F, 0.0F,
            1F, 0.025F, 0.002F, 0.0F, 0.025F, 0.992F, -0.125F, 0.625F, 0.002F, 0.125F, 0.992F, 0.0F,
            1F, 0.025F, 0.002F, 0.0F, 0.025F, 0.992F, -0.125F, 0.625F, 0.002F, 0.125F, 0.992F, 0.0F,
            1F, 0.025F, 0.002F, 0.0F, 0.025F, 0.992F, -0.125F, 0.625F, 0.002F, 0.125F, 0.992F, 0.0F,
            1F, 0.001F, 0F, 0.0F, 0.001F, 0.994F, -0.107F, 0.625F, 0F, 0.107F, 0.994F, 0.0F,
        };

        addJoint(armature, animation, "neck_tail_11", t18, m18, false);

        float[] t19 = {
            0.0F, 0.5F, 0.65F, 1.1F, 2.0F
        };

        float[] m19 = new float[]{
            1F, 0.013F, 0.001F, 0.0F, 0.013F, 0.987F, -0.16F, 0.625F, 0.001F, 0.16F, 0.987F, 0.0F,
            1F, 0.013F, 0.001F, 0.0F, 0.013F, 0.987F, -0.16F, 0.625F, 0.001F, 0.16F, 0.987F, 0.0F,
            1F, 0.013F, 0.001F, 0.0F, 0.013F, 0.987F, -0.16F, 0.625F, 0.001F, 0.16F, 0.987F, 0.0F,
            1F, 0.013F, 0.001F, 0.0F, 0.013F, 0.987F, -0.16F, 0.625F, 0.001F, 0.16F, 0.987F, 0.0F,
            1.0F, 0F, 0.0F, 0.0F, 0F, 0.971F, -0.238F, 0.625F, 0F, 0.238F, 0.971F, 0.0F,
        };

        addJoint(armature, animation, "neck_tail_12", t19, m19, false);

        float[] t20 = {
            0.0F, 0.117F, 0.25F, 0.4F, 0.55F, 0.65F, 1.0F, 1.1F, 2.0F
        };

        float[] m20 = new float[]{
            0.42F, 0.906F, 0.057F, 0.75F, 0.104F, -0.111F, 0.988F, 2.932F, 0.901F, -0.409F, -0.141F, -0.106F,
            0.695F, 0.668F, 0.265F, 0.75F, 0.184F, -0.521F, 0.833F, 2.932F, 0.695F, -0.531F, -0.485F, -0.106F,
            0.784F, 0.518F, 0.343F, 0.75F, 0.215F, -0.743F, 0.633F, 2.932F, 0.583F, -0.423F, -0.694F, -0.106F,
            0.024F, 0.998F, 0.058F, 0.765F, 0.155F, 0.054F, 0.986F, 3.067F, 0.988F, 0.033F, -0.153F, -0.102F,
            0.561F, 0.348F, -0.751F, 0.774F, -0.149F, 0.935F, 0.323F, 3.317F, 0.815F, 0.069F, 0.576F, 0.096F,
            0.916F, -0.26F, -0.306F, 0.776F, 0.337F, 0.913F, 0.232F, 3.424F, 0.219F, -0.315F, 0.923F, 0.093F,
            0.759F, -0.466F, -0.454F, 0.776F, 0.616F, 0.739F, 0.271F, 3.438F, 0.209F, -0.486F, 0.849F, 0.093F,
            0.759F, -0.466F, -0.454F, 0.776F, 0.616F, 0.739F, 0.271F, 3.438F, 0.209F, -0.486F, 0.849F, 0.093F,
            0.97F, 0.133F, -0.202F, 0.75F, 0.237F, -0.364F, 0.9F, 2.917F, 0.046F, -0.922F, -0.385F, -0.176F,
        };

        addJoint(armature, animation, "right_front_leg", t20, m20, false);

        float[] t21 = {
            0.0F, 0.117F, 0.25F, 0.4F, 0.55F, 0.65F, 1.0F, 1.1F, 2.0F
        };

        float[] m21 = new float[]{
            0.481F, 0.479F, 0.734F, 0.0F, 0.13F, 0.789F, -0.6F, 1.253F, -0.867F, 0.384F, 0.317F, 0.0F,
            0.492F, 0.524F, 0.695F, 0.0F, 0.172F, 0.725F, -0.667F, 1.253F, -0.853F, 0.448F, 0.266F, 0.0F,
            0.487F, 0.553F, 0.676F, 0.0F, 0.183F, 0.692F, -0.698F, 1.253F, -0.854F, 0.464F, 0.236F, 0.0F,
            0.573F, 0.372F, 0.73F, 0.0F, 0.104F, 0.851F, -0.515F, 1.253F, -0.813F, 0.371F, 0.449F, 0.0F,
            1F, 0.002F, 0.003F, 0.0F, 0.002F, 0.996F, 0.092F, 1.253F, 0.003F, 0.092F, 0.996F, 0.0F,
            0.917F, -0.38F, -0.122F, 0.0F, 0.249F, 0.783F, -0.57F, 1.253F, 0.312F, 0.492F, 0.813F, 0.0F,
            0.867F, -0.476F, -0.148F, 0.0F, 0.307F, 0.744F, -0.594F, 1.253F, 0.392F, 0.469F, 0.791F, 0.0F,
            0.867F, -0.476F, -0.148F, 0.0F, 0.307F, 0.744F, -0.594F, 1.253F, 0.392F, 0.469F, 0.791F, 0.0F,
            1F, 0.025F, 0.013F, 0.0F, 0.022F, 0.378F, -0.926F, 1.253F, 0.019F, 0.926F, 0.378F, 0.0F,
        };

        addJoint(armature, animation, "right_front_leg_tip", t21, m21, false);

        float[] t22 = {
            0.0F, 0.117F, 0.25F, 0.4F, 0.5F, 0.55F, 0.65F, 1.0F, 1.1F, 2.0F
        };

        float[] m22 = new float[]{
            0.012F, 0.399F, 0.917F, 0.0F, 0.087F, 0.913F, -0.398F, 1.489F, -0.996F, 0.085F, 0.024F, 0.0F,
            -0.916F, 0.346F, 0.202F, 0.0F, 0.034F, 0.57F, -0.821F, 1.489F, -0.399F, -0.745F, -0.534F, 0.0F,
            -0.996F, 0.059F, 0.061F, 0.0F, 0.006F, 0.672F, -0.741F, 1.489F, 0.085F, -0.739F, -0.669F, 0.0F,
            -0.788F, 0.405F, 0.464F, 0.0F, 0.016F, 0.767F, -0.641F, 1.489F, -0.615F, -0.498F, -0.611F, 0.0F,
            0.838F, 0.433F, -0.332F, 0.0F, -0.399F, 0.901F, 0.169F, 1.489F, 0.373F, 0.009F, 0.928F, 0.0F,
            0.918F, -0.114F, -0.379F, 0.0F, 0.043F, 0.98F, -0.193F, 1.489F, 0.394F, 0.161F, 0.905F, 0.0F,
            0.13F, -0.496F, -0.859F, 0.0F, 0.089F, 0.857F, -0.508F, 1.489F, 0.987F, 0.143F, 0.067F, 0.0F,
            0.053F, -0.532F, -0.845F, 0.0F, -0.141F, 0.834F, -0.534F, 1.489F, 0.989F, 0.147F, 0.031F, 0.0F,
            0.053F, -0.532F, -0.845F, 0.0F, -0.141F, 0.834F, -0.534F, 1.489F, 0.989F, 0.147F, 0.031F, 0.0F,
            0.97F, 0.228F, 0.081F, 0.0F, -0.106F, 0.703F, -0.703F, 1.489F, -0.217F, 0.674F, 0.707F, 0.0F,
        };

        addJoint(armature, animation, "right_front_foot", t22, m22, false);

        float[] t23 = {
            0.0F, 0.117F, 0.25F, 0.4F, 0.65F, 1.1F, 2.0F
        };

        float[] m23 = new float[]{
            0.965F, -0.208F, 0.159F, -0.75F, -0.161F, 0.003F, 0.987F, 2.932F, -0.205F, -0.978F, 0.03F, -0.106F,
            0.931F, -0.316F, 0.184F, -0.75F, -0.135F, 0.169F, 0.976F, 2.932F, -0.339F, -0.934F, 0.115F, -0.106F,
            0.895F, -0.402F, 0.194F, -0.75F, 0.084F, 0.275F, 0.958F, 2.932F, -0.438F, -0.874F, 0.212F, -0.106F,
            0.922F, -0.229F, 0.312F, -0.75F, -0.386F, -0.491F, 0.781F, 2.932F, 0.026F, -0.841F, -0.541F, -0.106F,
            0.908F, -0.404F, -0.113F, -0.75F, -0.349F, -0.877F, 0.329F, 2.932F, -0.232F, -0.259F, -0.937F, -0.106F,
            0.909F, -0.402F, -0.113F, -0.75F, -0.352F, -0.884F, 0.308F, 2.932F, -0.224F, -0.24F, -0.945F, -0.106F,
            0.977F, -0.138F, 0.164F, -0.75F, -0.214F, -0.594F, 0.776F, 2.917F, 0.01F, -0.793F, -0.609F, -0.176F,
        };

        addJoint(armature, animation, "left_front_leg", t23, m23, false);

        float[] t24 = {
            0.0F, 0.117F, 0.25F, 0.4F, 0.65F, 1.1F, 2.0F
        };

        float[] m24 = new float[]{
            0.993F, -0.117F, 0.034F, 0.0F, 0.096F, 0.581F, -0.808F, 1.253F, 0.075F, 0.805F, 0.588F, 0.0F,
            0.905F, -0.413F, 0.099F, 0.0F, 0.351F, 0.597F, -0.721F, 1.253F, 0.238F, 0.688F, 0.686F, 0.0F,
            0.867F, -0.467F, 0.172F, 0.0F, 0.441F, 0.56F, -0.701F, 1.253F, 0.231F, 0.684F, 0.692F, 0.0F,
            0.686F, -0.623F, 0.377F, 0.0F, 0.53F, 0.073F, -0.845F, 1.253F, 0.498F, 0.779F, 0.38F, 0.0F,
            0.912F, 0.212F, -0.351F, 0.0F, -0.256F, -0.375F, -0.891F, 1.253F, -0.32F, 0.903F, -0.288F, 0.0F,
            0.908F, 0.222F, -0.356F, 0.0F, -0.246F, -0.406F, -0.88F, 1.253F, -0.34F, 0.886F, -0.314F, 0.0F,
            1F, 0.001F, 0.004F, 0.0F, 0.004F, 0.289F, -0.957F, 1.253F, 0.001F, 0.957F, 0.289F, 0.0F,
        };

        addJoint(armature, animation, "left_front_leg_tip", t24, m24, false);

        float[] t25 = {
            0.0F, 0.117F, 0.25F, 0.4F, 0.65F, 1.1F, 2.0F
        };

        float[] m25 = new float[]{
            0.976F, 0.021F, -0.216F, 0.0F, -0.109F, 0.812F, -0.573F, 1.489F, 0.187F, 0.583F, 0.79F, 0.0F,
            0.855F, 0.019F, -0.519F, 0.0F, -0.27F, 0.87F, -0.413F, 1.489F, 0.444F, 0.493F, 0.749F, 0.0F,
            0.766F, 0.061F, -0.64F, 0.0F, -0.303F, 0.912F, -0.275F, 1.489F, 0.567F, 0.405F, 0.717F, 0.0F,
            0.704F, -0.29F, -0.648F, 0.0F, -0.157F, 0.826F, -0.541F, 1.489F, 0.692F, 0.483F, 0.536F, 0.0F,
            0.975F, 0.031F, 0.219F, 0.0F, 0.214F, 0.386F, -0.897F, 1.489F, 0.056F, 0.922F, 0.383F, 0.0F,
            0.97F, 0.029F, 0.241F, 0.0F, 0.234F, 0.379F, -0.895F, 1.489F, 0.065F, 0.925F, 0.374F, 0.0F,
            0.977F, -0.213F, 0.006F, 0.0F, 0.12F, 0.572F, -0.811F, 1.489F, 0.177F, 0.792F, 0.585F, 0.0F,
        };

        addJoint(armature, animation, "left_front_foot", t25, m25, false);

        float[] t26 = {
            0.0F, 0.117F, 0.25F, 0.4F, 0.55F, 0.833F, 1.1F, 2.0F
        };

        float[] m26 = new float[]{
            -0.484F, 0.585F, 0.651F, 0.749F, -0.672F, -0.725F, 0.152F, 2.857F, 0.561F, -0.363F, 0.744F, 0.761F,
            -0.484F, 0.585F, 0.651F, 0.749F, -0.672F, -0.725F, 0.152F, 2.857F, 0.561F, -0.363F, 0.744F, 0.761F,
            -0.484F, 0.585F, 0.651F, 0.749F, -0.672F, -0.725F, 0.152F, 2.857F, 0.561F, -0.363F, 0.744F, 0.761F,
