package susen36.epicdragonfight.gameasset;

import susen36.epicdragonfight.api.animation.Joint;
import susen36.epicdragonfight.api.animation.JointTransform;
import susen36.epicdragonfight.api.animation.Keyframe;
import susen36.epicdragonfight.api.animation.TransformSheet;
import susen36.epicdragonfight.api.animation.types.StaticAnimation;
import susen36.epicdragonfight.api.model.Armature;
import susen36.epicdragonfight.api.utils.math.OpenMatrix4f;

import java.nio.FloatBuffer;
import java.util.ArrayList;
import java.util.List;

public class DragonAnimationData {

    public static void loadAirstrike(StaticAnimation animation) {
        Armature armature = animation.getModel().getArmature();

        {
            float[] Airstrike_root_times = {
                0.0F, 0.0667F, 0.4333F, 0.8F, 0.9333F
            };

            float[] Airstrike_root_transforms = new float[]{
                1.0F, 0.0F, 0.0F, 0.0F, 0.0F, -0.061817F, 0.998087F, 0.200703F, 0.0F, -0.998087F, -0.061817F, 1.268548F, 0.0F, 0.0F, 0.0F, 1.0F,
                1.0F, 0.0F, 0.0F, 0.0F, 0.0F, -0.069232F, 0.997601F, 0.206878F, 0.0F, -0.997601F, -0.069232F, 1.268548F, 0.0F, 0.0F, 0.0F, 1.0F,
                1.0F, 0.0F, 0.0F, 0.0F, 0.0F, 0.152029F, 0.988376F, -0.147754F, 0.0F, -0.988376F, 0.152029F, 1.268548F, 0.0F, 0.0F, 0.0F, 1.0F,
                1.0F, 0.0F, 0.0F, 0.0F, 0.0F, -0.053594F, 0.998563F, 0.226821F, 0.0F, -0.998563F, -0.053594F, 1.268548F, 0.0F, 0.0F, 0.0F, 1.0F,
                1.0F, 0.0F, 0.0F, 0.0F, 0.0F, -0.061817F, 0.998087F, 0.200703F, 0.0F, -0.998087F, -0.061817F, 1.268548F, 0.0F, 0.0F, 0.0F, 1.0F,
            };

            Joint joint = armature.searchJointByName("root");
            if (joint == null) {
                throw new IllegalArgumentException("[EpicDragonFight] Can't find the joint root in animation data " + animation);
            }
            TransformSheet sheet = getTransformSheet(Airstrike_root_times, Airstrike_root_transforms, OpenMatrix4f.invert(joint.getLocalTrasnform(), null));
            animation.addSheet("root", sheet);
            animation.setTotalTime(Airstrike_root_times[Airstrike_root_times.length - 1]);
        }

        {
            float[] Airstrike_right_hind_leg_times = {
                0.0F, 0.4333F, 0.9333F
            };

            float[] Airstrike_right_hind_leg_transforms = new float[]{
                0.707108F, 0.586009F, 0.395716F, 0.999855F, -0.043714F, -0.522331F, 0.851621F, 0.544667F, 0.705752F, -0.619486F, -0.343727F, 0.036198F, 0.0F, 0.0F, 0.0F, 1.0F,
                0.707108F, 0.586009F, 0.395716F, 0.999855F, 0.123918F, -0.653665F, 0.746569F, 0.544667F, 0.696162F, -0.478868F, -0.534828F, 0.036198F, 0.0F, 0.0F, 0.0F, 1.0F,
                0.707108F, 0.586009F, 0.395716F, 0.999855F, -0.043714F, -0.522331F, 0.851621F, 0.544667F, 0.705752F, -0.619486F, -0.343727F, 0.036198F, 0.0F, 0.0F, 0.0F, 1.0F,
            };

            Joint joint = armature.searchJointByName("right_hind_leg");
            if (joint == null) {
                throw new IllegalArgumentException("[EpicDragonFight] Can't find the joint right_hind_leg in animation data " + animation);
            }
            TransformSheet sheet = getTransformSheet(Airstrike_right_hind_leg_times, Airstrike_right_hind_leg_transforms, OpenMatrix4f.invert(joint.getLocalTrasnform(), null));
            animation.addSheet("right_hind_leg", sheet);
            animation.setTotalTime(Airstrike_right_hind_leg_times[Airstrike_right_hind_leg_times.length - 1]);
        }

        {
            float[] Airstrike_right_hind_leg_tip_times = {
                0.0F, 0.9333F
            };

            float[] Airstrike_right_hind_leg_tip_transforms = new float[]{
                1.0F, -8e-06F, 1e-06F, 0.0F, -2e-06F, -0.065663F, 0.997842F, 1.692269F, -7e-06F, -0.997842F, -0.065663F, 0.0F, 0.0F, 0.0F, 0.0F, 1.0F,
                1.0F, -8e-06F, 1e-06F, 0.0F, -2e-06F, -0.065663F, 0.997842F, 1.692269F, -7e-06F, -0.997842F, -0.065663F, 0.0F, 0.0F, 0.0F, 0.0F, 1.0F,
            };

            Joint joint = armature.searchJointByName("right_hind_leg_tip");
            if (joint == null) {
                throw new IllegalArgumentException("[EpicDragonFight] Can't find the joint right_hind_leg_tip in animation data " + animation);
            }
            TransformSheet sheet = getTransformSheet(Airstrike_right_hind_leg_tip_times, Airstrike_right_hind_leg_tip_transforms, OpenMatrix4f.invert(joint.getLocalTrasnform(), null));
            animation.addSheet("right_hind_leg_tip", sheet);
            animation.setTotalTime(Airstrike_right_hind_leg_tip_times[Airstrike_right_hind_leg_tip_times.length - 1]);
        }

        {
            float[] Airstrike_right_hind_foot_times = {
                0.0F, 0.9333F
            };

            float[] Airstrike_right_hind_foot_transforms = new float[]{
                1.0F, -1.5e-05F, -8e-06F, 0.0F, -6e-06F, 0.107476F, -0.994208F, 2.159911F, 1.6e-05F, 0.994208F, 0.107476F, -0.0F, 0.0F, 0.0F, 0.0F, 1.0F,
                1.0F, -1.5e-05F, -8e-06F, 0.0F, -6e-06F, 0.107476F, -0.994208F, 2.159911F, 1.6e-05F, 0.994208F, 0.107476F, -0.0F, 0.0F, 0.0F, 0.0F, 1.0F,
            };

            Joint joint = armature.searchJointByName("right_hind_foot");
            if (joint == null) {
                throw new IllegalArgumentException("[EpicDragonFight] Can't find the joint right_hind_foot in animation data " + animation);
            }
            TransformSheet sheet = getTransformSheet(Airstrike_right_hind_foot_times, Airstrike_right_hind_foot_transforms, OpenMatrix4f.invert(joint.getLocalTrasnform(), null));
            animation.addSheet("right_hind_foot", sheet);
            animation.setTotalTime(Airstrike_right_hind_foot_times[Airstrike_right_hind_foot_times.length - 1]);
        }

        {
            float[] Airstrike_left_hind_leg_times = {
                0.0F, 0.4333F, 0.9333F
            };

            float[] Airstrike_left_hind_leg_transforms = new float[]{
                0.707106F, -0.586011F, -0.395716F, -0.999947F, 0.043711F, -0.522331F, 0.851622F, 0.544668F, -0.705754F, -0.619484F, -0.343728F, 0.036199F, 0.0F, 0.0F, 0.0F, 1.0F,
                0.707106F, -0.586011F, -0.395716F, -0.999947F, -0.123921F, -0.653665F, 0.746569F, 0.544668F, -0.696163F, -0.478866F, -0.534829F, 0.036199F, 0.0F, 0.0F, 0.0F, 1.0F,
                0.707106F, -0.586011F, -0.395716F, -0.999947F, 0.043711F, -0.522331F, 0.851622F, 0.544668F, -0.705754F, -0.619484F, -0.343728F, 0.036199F, 0.0F, 0.0F, 0.0F, 1.0F,
            };

            Joint joint = armature.searchJointByName("left_hind_leg");
            if (joint == null) {
                throw new IllegalArgumentException("[EpicDragonFight] Can't find the joint left_hind_leg in animation data " + animation);
            }
            TransformSheet sheet = getTransformSheet(Airstrike_left_hind_leg_times, Airstrike_left_hind_leg_transforms, OpenMatrix4f.invert(joint.getLocalTrasnform(), null));
            animation.addSheet("left_hind_leg", sheet);
            animation.setTotalTime(Airstrike_left_hind_leg_times[Airstrike_left_hind_leg_times.length - 1]);
        }

        {
            float[] Airstrike_left_hind_leg_tip_times = {
                0.0F, 0.9333F
            };

            float[] Airstrike_left_hind_leg_tip_transforms = new float[]{
                1.0F, -0.0F, 0.0F, -0.0F, -0.0F, -0.065663F, 0.997842F, 1.692269F, 0.0F, -0.997842F, -0.065663F, 0.0F, 0.0F, 0.0F, 0.0F, 1.0F,
                1.0F, -0.0F, 0.0F, -0.0F, -0.0F, -0.065663F, 0.997842F, 1.692269F, 0.0F, -0.997842F, -0.065663F, 0.0F, 0.0F, 0.0F, 0.0F, 1.0F,
            };

            Joint joint = armature.searchJointByName("left_hind_leg_tip");
            if (joint == null) {
                throw new IllegalArgumentException("[EpicDragonFight] Can't find the joint left_hind_leg_tip in animation data " + animation);
            }
            TransformSheet sheet = getTransformSheet(Airstrike_left_hind_leg_tip_times, Airstrike_left_hind_leg_tip_transforms, OpenMatrix4f.invert(joint.getLocalTrasnform(), null));
            animation.addSheet("left_hind_leg_tip", sheet);
            animation.setTotalTime(Airstrike_left_hind_leg_tip_times[Airstrike_left_hind_leg_tip_times.length - 1]);
        }

        {
            float[] Airstrike_left_hind_foot_times = {
                0.0F, 0.9333F
            };

            float[] Airstrike_left_hind_foot_transforms = new float[]{
                1.0F, -6e-06F, 0.0F, -0.0F, 1e-06F, 0.107476F, -0.994208F, 2.15991F, 6e-06F, 0.994207F, 0.107476F, -0.0F, 0.0F, 0.0F, 0.0F, 1.0F,
                1.0F, -6e-06F, 0.0F, -0.0F, 1e-06F, 0.107476F, -0.994208F, 2.15991F, 6e-06F, 0.994207F, 0.107476F, -0.0F, 0.0F, 0.0F, 0.0F, 1.0F,
            };

            Joint joint = armature.searchJointByName("left_hind_foot");
            if (joint == null) {
                throw new IllegalArgumentException("[EpicDragonFight] Can't find the joint left_hind_foot in animation data " + animation);
            }
            TransformSheet sheet = getTransformSheet(Airstrike_left_hind_foot_times, Airstrike_left_hind_foot_transforms, OpenMatrix4f.invert(joint.getLocalTrasnform(), null));
            animation.addSheet("left_hind_foot", sheet);
            animation.setTotalTime(Airstrike_left_hind_foot_times[Airstrike_left_hind_foot_times.length - 1]);
        }

        {
            float[] Airstrike_body_times = {
                0.0F, 0.9333F
            };

            float[] Airstrike_body_transforms = new float[]{
                1.0F, 0.0F, 0.0F, 0.0F, 0.0F, 1.0F, -1e-06F, 0.273754F, 0.0F, 1e-06F, 1.0F, 0.0F, 0.0F, 0.0F, 0.0F, 1.0F,
                1.0F, 0.0F, 0.0F, 0.0F, 0.0F, 1.0F, -1e-06F, 0.273754F, 0.0F, 1e-06F, 1.0F, 0.0F, 0.0F, 0.0F, 0.0F, 1.0F,
            };

            Joint joint = armature.searchJointByName("body");
            if (joint == null) {
                throw new IllegalArgumentException("[EpicDragonFight] Can't find the joint body in animation data " + animation);
            }
            TransformSheet sheet = getTransformSheet(Airstrike_body_times, Airstrike_body_transforms, OpenMatrix4f.invert(joint.getLocalTrasnform(), null));
            animation.addSheet("body", sheet);
            animation.setTotalTime(Airstrike_body_times[Airstrike_body_times.length - 1]);
        }

        {
            float[] Airstrike_neck_tail_1_times = {
                0.0F, 0.4333F, 0.9333F
            };

            float[] Airstrike_neck_tail_1_transforms = new float[]{
                -1.0F, -0.0F, -0.0F, -1e-06F, 0.0F, -0.995776F, -0.09182F, -0.516188F, -0.0F, -0.09182F, 0.995776F, 0.429315F, 0.0F, 0.0F, 0.0F, 1.0F,
                -1.0F, -0.0F, -0.0F, -1e-06F, 0.0F, -0.991677F, 0.12875F, -0.516188F, -0.0F, 0.12875F, 0.991677F, 0.429314F, 0.0F, 0.0F, 0.0F, 1.0F,
                -1.0F, -0.0F, -0.0F, -1e-06F, 0.0F, -0.995776F, -0.09182F, -0.516188F, -0.0F, -0.09182F, 0.995776F, 0.429315F, 0.0F, 0.0F, 0.0F, 1.0F,
            };

            Joint joint = armature.searchJointByName("neck_tail_1");
            if (joint == null) {
                throw new IllegalArgumentException("[EpicDragonFight] Can't find the joint neck_tail_1 in animation data " + animation);
            }
            TransformSheet sheet = getTransformSheet(Airstrike_neck_tail_1_times, Airstrike_neck_tail_1_transforms, OpenMatrix4f.invert(joint.getLocalTrasnform(), null));
            animation.addSheet("neck_tail_1", sheet);
            animation.setTotalTime(Airstrike_neck_tail_1_times[Airstrike_neck_tail_1_times.length - 1]);
        }

        {
            float[] Airstrike_neck_tail_2_times = {
                0.0F, 0.9333F
            };

            float[] Airstrike_neck_tail_2_transforms = new float[]{
                0.999999F, 0.0F, 0.0F, -0.0F, -0.0F, 0.993187F, 0.116536F, 0.615504F, 0.0F, -0.116536F, 0.993187F, 0.0F, 0.0F, 0.0F, 0.0F, 1.0F,
                0.999999F, 0.0F, 0.0F, -0.0F, -0.0F, 0.993187F, 0.116536F, 0.615504F, 0.0F, -0.116536F, 0.993187F, 0.0F, 0.0F, 0.0F, 0.0F, 1.0F,
            };

            Joint joint = armature.searchJointByName("neck_tail_2");
            if (joint == null) {
                throw new IllegalArgumentException("[EpicDragonFight] Can't find the joint neck_tail_2 in animation data " + animation);
            }
            TransformSheet sheet = getTransformSheet(Airstrike_neck_tail_2_times, Airstrike_neck_tail_2_transforms, OpenMatrix4f.invert(joint.getLocalTrasnform(), null));
            animation.addSheet("neck_tail_2", sheet);
            animation.setTotalTime(Airstrike_neck_tail_2_times[Airstrike_neck_tail_2_times.length - 1]);
        }

        {
            float[] Airstrike_neck_tail_3_times = {
                0.0F, 0.9333F
            };

            float[] Airstrike_neck_tail_3_transforms = new float[]{
                1.0F, 0.0F, 0.0F, -0.0F, -0.0F, 0.991278F, 0.131785F, 0.624616F, 0.0F, -0.131785F, 0.991278F, 0.0F, 0.0F, 0.0F, 0.0F, 1.0F,
                1.0F, 0.0F, 0.0F, -0.0F, -0.0F, 0.991278F, 0.131785F, 0.624616F, 0.0F, -0.131785F, 0.991278F, 0.0F, 0.0F, 0.0F, 0.0F, 1.0F,
            };

            Joint joint = armature.searchJointByName("neck_tail_3");
            if (joint == null) {
                throw new IllegalArgumentException("[EpicDragonFight] Can't find the joint neck_tail_3 in animation data " + animation);
            }
            TransformSheet sheet = getTransformSheet(Airstrike_neck_tail_3_times, Airstrike_neck_tail_3_transforms, OpenMatrix4f.invert(joint.getLocalTrasnform(), null));
            animation.addSheet("neck_tail_3", sheet);
            animation.setTotalTime(Airstrike_neck_tail_3_times[Airstrike_neck_tail_3_times.length - 1]);
        }

        {
            float[] Airstrike_neck_tail_4_times = {
                0.0F, 0.9333F
            };

            float[] Airstrike_neck_tail_4_transforms = new float[]{
                1.0F, 0.0F, -0.0F, 0.0F, -0.0F, 0.989464F, 0.144775F, 0.62624F, 0.0F, -0.144775F, 0.989464F, 0.0F, 0.0F, 0.0F, 0.0F, 1.0F,
                1.0F, 0.0F, -0.0F, 0.0F, -0.0F, 0.989464F, 0.144775F, 0.62624F, 0.0F, -0.144775F, 0.989464F, 0.0F, 0.0F, 0.0F, 0.0F, 1.0F,
            };

            Joint joint = armature.searchJointByName("neck_tail_4");
            if (joint == null) {
                throw new IllegalArgumentException("[EpicDragonFight] Can't find the joint neck_tail_4 in animation data " + animation);
            }
            TransformSheet sheet = getTransformSheet(Airstrike_neck_tail_4_times, Airstrike_neck_tail_4_transforms, OpenMatrix4f.invert(joint.getLocalTrasnform(), null));
            animation.addSheet("neck_tail_4", sheet);
            animation.setTotalTime(Airstrike_neck_tail_4_times[Airstrike_neck_tail_4_times.length - 1]);
        }

        {
            float[] Airstrike_neck_tail_5_times = {
                0.0F, 0.9333F
            };

            float[] Airstrike_neck_tail_5_transforms = new float[]{
                1.0F, 0.0F, -0.0F, 0.0F, -0.0F, 0.988232F, 0.15296F, 0.624649F, 0.0F, -0.15296F, 0.988232F, 0.0F, 0.0F, 0.0F, 0.0F, 1.0F,
                1.0F, 0.0F, -0.0F, 0.0F, -0.0F, 0.988232F, 0.15296F, 0.624649F, 0.0F, -0.15296F, 0.988232F, 0.0F, 0.0F, 0.0F, 0.0F, 1.0F,
            };

            Joint joint = armature.searchJointByName("neck_tail_5");
            if (joint == null) {
                throw new IllegalArgumentException("[EpicDragonFight] Can't find the joint neck_tail_5 in animation data " + animation);
            }
            TransformSheet sheet = getTransformSheet(Airstrike_neck_tail_5_times, Airstrike_neck_tail_5_transforms, OpenMatrix4f.invert(joint.getLocalTrasnform(), null));
            animation.addSheet("neck_tail_5", sheet);
            animation.setTotalTime(Airstrike_neck_tail_5_times[Airstrike_neck_tail_5_times.length - 1]);
        }

        {
            float[] Airstrike_neck_tail_6_times = {
                0.0F, 0.9333F
            };

            float[] Airstrike_neck_tail_6_transforms = new float[]{
                1.0F, 0.0F, -0.0F, -0.0F, -0.0F, 0.987936F, 0.154867F, 0.623273F, 0.0F, -0.154867F, 0.987935F, 0.0F, 0.0F, 0.0F, 0.0F, 1.0F,
                1.0F, 0.0F, -0.0F, -0.0F, -0.0F, 0.987936F, 0.154867F, 0.623273F, 0.0F, -0.154867F, 0.987935F, 0.0F, 0.0F, 0.0F, 0.0F, 1.0F,
            };

            Joint joint = armature.searchJointByName("neck_tail_6");
            if (joint == null) {
                throw new IllegalArgumentException("[EpicDragonFight] Can't find the joint neck_tail_6 in animation data " + animation);
            }
            TransformSheet sheet = getTransformSheet(Airstrike_neck_tail_6_times, Airstrike_neck_tail_6_transforms, OpenMatrix4f.invert(joint.getLocalTrasnform(), null));
            animation.addSheet("neck_tail_6", sheet);
            animation.setTotalTime(Airstrike_neck_tail_6_times[Airstrike_neck_tail_6_times.length - 1]);
        }

        {
            float[] Airstrike_neck_tail_7_times = {
                0.0F, 0.9333F
            };

            float[] Airstrike_neck_tail_7_transforms = new float[]{
                1.0F, 0.0F, -0.0F, 0.0F, -0.0F, 0.988713F, 0.149826F, 0.625387F, 0.0F, -0.149826F, 0.988712F, -0.0F, 0.0F, 0.0F, 0.0F, 1.0F,
                1.0F, 0.0F, -0.0F, 0.0F, -0.0F, 0.988713F, 0.149826F, 0.625387F, 0.0F, -0.149826F, 0.988712F, -0.0F, 0.0F, 0.0F, 0.0F, 1.0F,
            };

            Joint joint = armature.searchJointByName("neck_tail_7");
            if (joint == null) {
                throw new IllegalArgumentException("[EpicDragonFight] Can't find the joint neck_tail_7 in animation data " + animation);
            }
            TransformSheet sheet = getTransformSheet(Airstrike_neck_tail_7_times, Airstrike_neck_tail_7_transforms, OpenMatrix4f.invert(joint.getLocalTrasnform(), null));
            animation.addSheet("neck_tail_7", sheet);
            animation.setTotalTime(Airstrike_neck_tail_7_times[Airstrike_neck_tail_7_times.length - 1]);
        }

        {
            float[] Airstrike_neck_tail_8_times = {
                0.0F, 0.9333F
            };

            float[] Airstrike_neck_tail_8_transforms = new float[]{
                1.0F, 0.0F, 0.0F, 0.0F, -0.0F, 0.990461F, 0.137794F, 0.625387F, 0.0F, -0.137794F, 0.990461F, -0.0F, 0.0F, 0.0F, 0.0F, 1.0F,
                1.0F, 0.0F, 0.0F, 0.0F, -0.0F, 0.990461F, 0.137794F, 0.625387F, 0.0F, -0.137794F, 0.990461F, -0.0F, 0.0F, 0.0F, 0.0F, 1.0F,
            };

            Joint joint = armature.searchJointByName("neck_tail_8");
            if (joint == null) {
                throw new IllegalArgumentException("[EpicDragonFight] Can't find the joint neck_tail_8 in animation data " + animation);
            }
            TransformSheet sheet = getTransformSheet(Airstrike_neck_tail_8_times, Airstrike_neck_tail_8_transforms, OpenMatrix4f.invert(joint.getLocalTrasnform(), null));
            animation.addSheet("neck_tail_8", sheet);
            animation.setTotalTime(Airstrike_neck_tail_8_times[Airstrike_neck_tail_8_times.length - 1]);
        }

        {
            float[] Airstrike_neck_tail_9_times = {
                0.0F, 0.9333F
            };

            float[] Airstrike_neck_tail_9_transforms = new float[]{
                1.0F, 0.0F, 0.0F, 0.0F, -0.0F, 0.992866F, 0.119229F, 0.624783F, 0.0F, -0.119229F, 0.992867F, 0.0F, 0.0F, 0.0F, 0.0F, 1.0F,
                1.0F, 0.0F, 0.0F, 0.0F, -0.0F, 0.992866F, 0.119229F, 0.624783F, 0.0F, -0.119229F, 0.992867F, 0.0F, 0.0F, 0.0F, 0.0F, 1.0F,
            };

            Joint joint = armature.searchJointByName("neck_tail_9");
            if (joint == null) {
                throw new IllegalArgumentException("[EpicDragonFight] Can't find the joint neck_tail_9 in animation data " + animation);
            }
            TransformSheet sheet = getTransformSheet(Airstrike_neck_tail_9_times, Airstrike_neck_tail_9_transforms, OpenMatrix4f.invert(joint.getLocalTrasnform(), null));
            animation.addSheet("neck_tail_9", sheet);
            animation.setTotalTime(Airstrike_neck_tail_9_times[Airstrike_neck_tail_9_times.length - 1]);
        }

        {
            float[] Airstrike_neck_tail_10_times = {
                0.0F, 0.9333F
            };

            float[] Airstrike_neck_tail_10_transforms = new float[]{
                1.0F, 0.0F, 0.0F, 0.0F, -0.0F, 0.995489F, 0.094873F, 0.62586F, 0.0F, -0.094873F, 0.995489F, 0.0F, 0.0F, 0.0F, 0.0F, 1.0F,
                1.0F, 0.0F, 0.0F, 0.0F, -0.0F, 0.995489F, 0.094873F, 0.62586F, 0.0F, -0.094873F, 0.995489F, 0.0F, 0.0F, 0.0F, 0.0F, 1.0F,
            };

            Joint joint = armature.searchJointByName("neck_tail_10");
            if (joint == null) {
                throw new IllegalArgumentException("[EpicDragonFight] Can't find the joint neck_tail_10 in animation data " + animation);
            }
            TransformSheet sheet = getTransformSheet(Airstrike_neck_tail_10_times, Airstrike_neck_tail_10_transforms, OpenMatrix4f.invert(joint.getLocalTrasnform(), null));
            animation.addSheet("neck_tail_10", sheet);
            animation.setTotalTime(Airstrike_neck_tail_10_times[Airstrike_neck_tail_10_times.length - 1]);
        }

        {
            float[] Airstrike_neck_tail_11_times = {
                0.0F, 0.9333F
            };

            float[] Airstrike_neck_tail_11_transforms = new float[]{
                1.0F, 0.0F, 0.0F, 0.0F, -0.0F, 0.997827F, 0.065896F, 0.625141F, 0.0F, -0.065896F, 0.997827F, -0.0F, 0.0F, 0.0F, 0.0F, 1.0F,
                1.0F, 0.0F, 0.0F, 0.0F, -0.0F, 0.997827F, 0.065896F, 0.625141F, 0.0F, -0.065896F, 0.997827F, -0.0F, 0.0F, 0.0F, 0.0F, 1.0F,
            };

            Joint joint = armature.searchJointByName("neck_tail_11");
            if (joint == null) {
                throw new IllegalArgumentException("[EpicDragonFight] Can't find the joint neck_tail_11 in animation data " + animation);
            }
            TransformSheet sheet = getTransformSheet(Airstrike_neck_tail_11_times, Airstrike_neck_tail_11_transforms, OpenMatrix4f.invert(joint.getLocalTrasnform(), null));
            animation.addSheet("neck_tail_11", sheet);
            animation.setTotalTime(Airstrike_neck_tail_11_times[Airstrike_neck_tail_11_times.length - 1]);
        }

        {
            float[] Airstrike_neck_tail_12_times = {
                0.0F, 0.9333F
            };

            float[] Airstrike_neck_tail_12_transforms = new float[]{
                1.0F, 0.0F, 0.0F, 0.0F, -0.0F, 0.999433F, 0.033665F, 0.624677F, 0.0F, -0.033665F, 0.999433F, 0.0F, 0.0F, 0.0F, 0.0F, 1.0F,
                1.0F, 0.0F, 0.0F, 0.0F, -0.0F, 0.999433F, 0.033665F, 0.624677F, 0.0F, -0.033665F, 0.999433F, 0.0F, 0.0F, 0.0F, 0.0F, 1.0F,
            };

            Joint joint = armature.searchJointByName("neck_tail_12");
            if (joint == null) {
                throw new IllegalArgumentException("[EpicDragonFight] Can't find the joint neck_tail_12 in animation data " + animation);
            }
            TransformSheet sheet = getTransformSheet(Airstrike_neck_tail_12_times, Airstrike_neck_tail_12_transforms, OpenMatrix4f.invert(joint.getLocalTrasnform(), null));
            animation.addSheet("neck_tail_12", sheet);
            animation.setTotalTime(Airstrike_neck_tail_12_times[Airstrike_neck_tail_12_times.length - 1]);
        }

        {
            float[] Airstrike_right_front_leg_times = {
                0.0F, 0.4333F, 0.9333F
            };

            float[] Airstrike_right_front_leg_transforms = new float[]{
                0.853395F, 0.521231F, -0.005994F, 0.749746F, 0.521146F, -0.852897F, 0.03118F, 2.917176F, 0.01114F, -0.029733F, -0.999496F, -0.176387F, 0.0F, 0.0F, 0.0F, 1.0F,
                0.853395F, 0.521231F, -0.005994F, 0.749746F, 0.515877F, -0.846167F, -0.133686F, 2.917176F, -0.074753F, 0.110994F, -0.991005F, -0.176387F, 0.0F, 0.0F, 0.0F, 1.0F,
                0.853395F, 0.521231F, -0.005994F, 0.749746F, 0.521146F, -0.852897F, 0.03118F, 2.917176F, 0.01114F, -0.029733F, -0.999496F, -0.176387F, 0.0F, 0.0F, 0.0F, 1.0F,
            };

            Joint joint = armature.searchJointByName("right_front_leg");
            if (joint == null) {
                throw new IllegalArgumentException("[EpicDragonFight] Can't find the joint right_front_leg in animation data " + animation);
            }
            TransformSheet sheet = getTransformSheet(Airstrike_right_front_leg_times, Airstrike_right_front_leg_transforms, OpenMatrix4f.invert(joint.getLocalTrasnform(), null));
            animation.addSheet("right_front_leg", sheet);
            animation.setTotalTime(Airstrike_right_front_leg_times[Airstrike_right_front_leg_times.length - 1]);
        }

        {
            float[] Airstrike_right_front_leg_tip_times = {
                0.0F, 0.9333F
            };

            float[] Airstrike_right_front_leg_tip_transforms = new float[]{
                -0.713844F, 0.26898F, 0.646589F, -0.0F, 0.462026F, -0.512954F, 0.723471F, 1.253495F, 0.526269F, 0.815186F, 0.241893F, 0.0F, 0.0F, 0.0F, 0.0F, 1.0F,
                -0.713844F, 0.26898F, 0.646589F, -0.0F, 0.462026F, -0.512954F, 0.723471F, 1.253495F, 0.526269F, 0.815186F, 0.241893F, 0.0F, 0.0F, 0.0F, 0.0F, 1.0F,
            };

            Joint joint = armature.searchJointByName("right_front_leg_tip");
            if (joint == null) {
                throw new IllegalArgumentException("[EpicDragonFight] Can't find the joint right_front_leg_tip in animation data " + animation);
            }
            TransformSheet sheet = getTransformSheet(Airstrike_right_front_leg_tip_times, Airstrike_right_front_leg_tip_transforms, OpenMatrix4f.invert(joint.getLocalTrasnform(), null));
            animation.addSheet("right_front_leg_tip", sheet);
            animation.setTotalTime(Airstrike_right_front_leg_tip_times[Airstrike_right_front_leg_tip_times.length - 1]);
        }

        {
            float[] Airstrike_right_front_foot_times = {
                0.0F, 0.9333F
            };

            float[] Airstrike_right_front_foot_transforms = new float[]{
                1.0F, 0.000153F, -0.000382F, 0.0F, 5e-05F, 0.876423F, 0.481543F, 1.488528F, 0.000408F, -0.481543F, 0.876423F, 0.0F, 0.0F, 0.0F, 0.0F, 1.0F,
                1.0F, 0.000153F, -0.000382F, 0.0F, 5e-05F, 0.876423F, 0.481543F, 1.488528F, 0.000408F, -0.481543F, 0.876423F, 0.0F, 0.0F, 0.0F, 0.0F, 1.0F,
            };

            Joint joint = armature.searchJointByName("right_front_foot");
            if (joint == null) {
                throw new IllegalArgumentException("[EpicDragonFight] Can't find the joint right_front_foot in animation data " + animation);
            }
            TransformSheet sheet = getTransformSheet(Airstrike_right_front_foot_times, Airstrike_right_front_foot_transforms, OpenMatrix4f.invert(joint.getLocalTrasnform(), null));
            animation.addSheet("right_front_foot", sheet);
            animation.setTotalTime(Airstrike_right_front_foot_times[Airstrike_right_front_foot_times.length - 1]);
        }

        {
            float[] Airstrike_left_front_leg_times = {
                0.0F, 0.4333F, 0.9333F
            };

            float[] Airstrike_left_front_leg_transforms = new float[]{
                0.853395F, -0.521231F, 0.005994F, -0.749883F, -0.521147F, -0.852898F, 0.03118F, 2.917176F, -0.01114F, -0.029733F, -0.999495F, -0.176387F, 0.0F, 0.0F, 0.0F, 1.0F,
                0.853395F, -0.521231F, 0.005994F, -0.749883F, -0.515878F, -0.846167F, -0.133686F, 2.917175F, 0.074753F, 0.110995F, -0.991005F, -0.176387F, 0.0F, 0.0F, 0.0F, 1.0F,
                0.853395F, -0.521231F, 0.005994F, -0.749883F, -0.521147F, -0.852898F, 0.03118F, 2.917176F, -0.01114F, -0.029733F, -0.999495F, -0.176387F, 0.0F, 0.0F, 0.0F, 1.0F,
            };

            Joint joint = armature.searchJointByName("left_front_leg");
            if (joint == null) {
                throw new IllegalArgumentException("[EpicDragonFight] Can't find the joint left_front_leg in animation data " + animation);
            }
            TransformSheet sheet = getTransformSheet(Airstrike_left_front_leg_times, Airstrike_left_front_leg_transforms, OpenMatrix4f.invert(joint.getLocalTrasnform(), null));
            animation.addSheet("left_front_leg", sheet);
            animation.setTotalTime(Airstrike_left_front_leg_times[Airstrike_left_front_leg_times.length - 1]);
        }

        {
            float[] Airstrike_left_front_leg_tip_times = {
                0.0F, 0.9333F
            };

            float[] Airstrike_left_front_leg_tip_transforms = new float[]{
                -0.714491F, -0.26377F, -0.648019F, -0.0F, -0.462939F, -0.516228F, 0.720552F, 1.253495F, -0.524585F, 0.814821F, 0.246731F, 0.0F, 0.0F, 0.0F, 0.0F, 1.0F,
                -0.714491F, -0.26377F, -0.648019F, -0.0F, -0.462939F, -0.516228F, 0.720552F, 1.253495F, -0.524585F, 0.814821F, 0.246731F, 0.0F, 0.0F, 0.0F, 0.0F, 1.0F,
            };

            Joint joint = armature.searchJointByName("left_front_leg_tip");
            if (joint == null) {
                throw new IllegalArgumentException("[EpicDragonFight] Can't find the joint left_front_leg_tip in animation data " + animation);
            }
            TransformSheet sheet = getTransformSheet(Airstrike_left_front_leg_tip_times, Airstrike_left_front_leg_tip_transforms, OpenMatrix4f.invert(joint.getLocalTrasnform(), null));
            animation.addSheet("left_front_leg_tip", sheet);
            animation.setTotalTime(Airstrike_left_front_leg_tip_times[Airstrike_left_front_leg_tip_times.length - 1]);
        }

        {
            float[] Airstrike_left_front_foot_times = {
                0.0F, 0.9333F
            };

            float[] Airstrike_left_front_foot_transforms = new float[]{
                0.999994F, 0.000483F, 0.003532F, -0.0F, -0.002465F, 0.809329F, 0.587351F, 1.488528F, -0.002575F, -0.587356F, 0.809325F, 0.0F, 0.0F, 0.0F, 0.0F, 1.0F,
                0.999994F, 0.000483F, 0.003532F, -0.0F, -0.002465F, 0.809329F, 0.587351F, 1.488528F, -0.002575F, -0.587356F, 0.809325F, 0.0F, 0.0F, 0.0F, 0.0F, 1.0F,
            };

            Joint joint = armature.searchJointByName("left_front_foot");
            if (joint == null) {
                throw new IllegalArgumentException("[EpicDragonFight] Can't find the joint left_front_foot in animation data " + animation);
            }
            TransformSheet sheet = getTransformSheet(Airstrike_left_front_foot_times, Airstrike_left_front_foot_transforms, OpenMatrix4f.invert(joint.getLocalTrasnform(), null));
            animation.addSheet("left_front_foot", sheet);
            animation.setTotalTime(Airstrike_left_front_foot_times[Airstrike_left_front_foot_times.length - 1]);
        }

        {
            float[] Airstrike_right_wing_times = {
                0.0F, 0.4333F, 0.8F, 0.9333F
            };

            float[] Airstrike_right_wing_transforms = new float[]{
                -0.049749F, 0.342776F, -0.938099F, 0.749813F, -0.969774F, 0.208072F, 0.127457F, 2.861323F, 0.238881F, 0.916085F, 0.322064F, 0.744816F, 0.0F, 0.0F, 0.0F, 1.0F,
                -0.133789F, 0.50224F, 0.854316F, 0.749814F, -0.988928F, -0.123508F, -0.082261F, 2.861322F, 0.0642F, -0.855862F, 0.513204F, 0.744817F, 0.0F, 0.0F, 0.0F, 1.0F,
                -0.022649F, 0.906308F, -0.422011F, 0.749813F, -0.999731F, -0.02265F, 0.005014F, 2.861323F, -0.005014F, 0.422011F, 0.906577F, 0.744816F, 0.0F, 0.0F, 0.0F, 1.0F,
                -0.049749F, 0.342776F, -0.938099F, 0.749813F, -0.969774F, 0.208072F, 0.127457F, 2.861323F, 0.238881F, 0.916085F, 0.322064F, 0.744816F, 0.0F, 0.0F, 0.0F, 1.0F,
            };

            Joint joint = armature.searchJointByName("right_wing");
            if (joint == null) {
                throw new IllegalArgumentException("[EpicDragonFight] Can't find the joint right_wing in animation data " + animation);
            }
            TransformSheet sheet = getTransformSheet(Airstrike_right_wing_times, Airstrike_right_wing_transforms, OpenMatrix4f.invert(joint.getLocalTrasnform(), null));
            animation.addSheet("right_wing", sheet);
            animation.setTotalTime(Airstrike_right_wing_times[Airstrike_right_wing_times.length - 1]);
        }

        {
            float[] Airstrike_right_wing_tip_times = {
                0.0F, 0.25F, 0.4333F, 0.65F, 0.8F, 0.9333F
            };

            float[] Airstrike_right_wing_tip_transforms = new float[]{
                0.9993F, 0.035654F, -0.011297F, -0.0F, -0.035654F, 0.816905F, -0.575669F, 3.499784F, -0.011297F, 0.575668F, 0.817605F, 0.0F, 0.0F, 0.0F, 0.0F, 1.0F,
                0.999925F, -0.000174F, -0.012199F, -0.0F, -0.008474F, 0.709412F, -0.704743F, 3.499784F, 0.008776F, 0.704794F, 0.709358F, -0.0F, 0.0F, 0.0F, 0.0F, 1.0F,
                0.999759F, 0.005895F, -0.021135F, 0.0F, 0.010773F, 0.70726F, 0.706871F, 3.499784F, 0.019115F, -0.706929F, 0.707026F, -0.0F, 0.0F, 0.0F, 0.0F, 1.0F,
                0.999516F, -0.025005F, -0.018486F, -0.0F, 0.031075F, 0.781215F, 0.623488F, 3.499785F, -0.001149F, -0.623761F, 0.781614F, 0.0F, 0.0F, 0.0F, 0.0F, 1.0F,
                0.999731F, -0.022649F, -0.005014F, 0.0F, 0.022649F, 0.906308F, 0.422011F, 3.499785F, -0.005014F, -0.422011F, 0.906577F, -0.0F, 0.0F, 0.0F, 0.0F, 1.0F,
                0.9993F, 0.035654F, -0.011297F, -0.0F, -0.035654F, 0.816905F, -0.575669F, 3.499784F, -0.011297F, 0.575668F, 0.817605F, 0.0F, 0.0F, 0.0F, 0.0F, 1.0F,
            };

            Joint joint = armature.searchJointByName("right_wing_tip");
            if (joint == null) {
                throw new IllegalArgumentException("[EpicDragonFight] Can't find the joint right_wing_tip in animation data " + animation);
            }
            TransformSheet sheet = getTransformSheet(Airstrike_right_wing_tip_times, Airstrike_right_wing_tip_transforms, OpenMatrix4f.invert(joint.getLocalTrasnform(), null));
            animation.addSheet("right_wing_tip", sheet);
            animation.setTotalTime(Airstrike_right_wing_tip_times[Airstrike_right_wing_tip_times.length - 1]);
        }

        {
            float[] Airstrike_left_wing_times = {
                0.0F, 0.4333F, 0.8F, 0.9333F
            };

            float[] Airstrike_left_wing_transforms = new float[]{
                -0.029107F, -0.349465F, 0.936497F, -0.750681F, 0.968739F, 0.221058F, 0.112599F, 2.861324F, -0.24637F, 0.910498F, 0.332106F, 0.744817F, 0.0F, 0.0F, 0.0F, 1.0F,
                -0.129658F, -0.537102F, -0.833493F, -0.75068F, 0.989036F, -0.129972F, -0.0701F, 2.861323F, -0.07068F, -0.833444F, 0.548065F, 0.744816F, 0.0F, 0.0F, 0.0F, 1.0F,
                -0.02265F, -0.906308F, 0.422011F, -0.750681F, 0.999731F, -0.02265F, 0.005014F, 2.861323F, 0.005014F, 0.422011F, 0.906577F, 0.744817F, 0.0F, 0.0F, 0.0F, 1.0F,
                -0.029107F, -0.349465F, 0.936497F, -0.750681F, 0.968739F, 0.221058F, 0.112599F, 2.861324F, -0.24637F, 0.910498F, 0.332106F, 0.744817F, 0.0F, 0.0F, 0.0F, 1.0F,
            };

            Joint joint = armature.searchJointByName("left_wing");
            if (joint == null) {
                throw new IllegalArgumentException("[EpicDragonFight] Can't find the joint left_wing in animation data " + animation);
            }
            TransformSheet sheet = getTransformSheet(Airstrike_left_wing_times, Airstrike_left_wing_transforms, OpenMatrix4f.invert(joint.getLocalTrasnform(), null));
            animation.addSheet("left_wing", sheet);
            animation.setTotalTime(Airstrike_left_wing_times[Airstrike_left_wing_times.length - 1]);
        }

        {
            float[] Airstrike_left_wing_tip_times = {
                0.0F, 0.25F, 0.4333F, 0.65F, 0.8F, 0.9333F
            };

            float[] Airstrike_left_wing_tip_transforms = new float[]{
                0.999248F, -0.03682F, 0.012139F, 0.0F, 0.03682F, 0.803256F, -0.594495F, 3.499785F, 0.012139F, 0.594495F, 0.804008F, 0.0F, 0.0F, 0.0F, 0.0F, 1.0F,
                0.999972F, -0.007237F, 0.001615F, 0.0F, 0.006069F, 0.673558F, -0.739109F, 3.499784F, 0.004261F, 0.739098F, 0.673584F, -0.0F, 0.0F, 0.0F, 0.0F, 1.0F,
                0.999889F, 0.005887F, -0.013694F, 0.0F, 0.006127F, 0.675169F, 0.737637F, 3.499785F, 0.013588F, -0.737639F, 0.675059F, 0.0F, 0.0F, 0.0F, 0.0F, 1.0F,
                0.999553F, 0.028882F, 0.007775F, -0.0F, -0.027273F, 0.773366F, 0.633373F, 3.499784F, 0.01228F, -0.633301F, 0.773808F, 0.0F, 0.0F, 0.0F, 0.0F, 1.0F,
                0.999731F, 0.022649F, 0.005014F, -0.0F, -0.022649F, 0.906308F, 0.422011F, 3.499784F, 0.005014F, -0.422011F, 0.906577F, 0.0F, 0.0F, 0.0F, 0.0F, 1.0F,
                0.999248F, -0.03682F, 0.012139F, 0.0F, 0.03682F, 0.803256F, -0.594495F, 3.499785F, 0.012139F, 0.594495F, 0.804008F, 0.0F, 0.0F, 0.0F, 0.0F, 1.0F,
            };

            Joint joint = armature.searchJointByName("left_wing_tip");
            if (joint == null) {
                throw new IllegalArgumentException("[EpicDragonFight] Can't find the joint left_wing_tip in animation data " + animation);
            }
            TransformSheet sheet = getTransformSheet(Airstrike_left_wing_tip_times, Airstrike_left_wing_tip_transforms, OpenMatrix4f.invert(joint.getLocalTrasnform(), null));
            animation.addSheet("left_wing_tip", sheet);
            animation.setTotalTime(Airstrike_left_wing_tip_times[Airstrike_left_wing_tip_times.length - 1]);
        }

        {
            float[] Airstrike_neck_times = {
                0.0F, 0.4667F, 0.9333F
            };

            float[] Airstrike_neck_transforms = new float[]{
                1.0F, 0.0F, -0.0F, -0.0F, -0.0F, 0.99985F, 0.017304F, 3.493827F, 0.0F, -0.017304F, 0.99985F, -1e-06F, 0.0F, 0.0F, 0.0F, 1.0F,
                1.0F, 0.0F, -0.0F, -0.0F, -0.0F, 0.944873F, 0.327436F, 3.493827F, 0.0F, -0.327436F, 0.944873F, -1e-06F, 0.0F, 0.0F, 0.0F, 1.0F,
                1.0F, 0.0F, -0.0F, -0.0F, -0.0F, 0.99985F, 0.017304F, 3.493827F, 0.0F, -0.017304F, 0.99985F, -1e-06F, 0.0F, 0.0F, 0.0F, 1.0F,
            };

            Joint joint = armature.searchJointByName("neck");
            if (joint == null) {
                throw new IllegalArgumentException("[EpicDragonFight] Can't find the joint neck in animation data " + animation);
            }
            TransformSheet sheet = getTransformSheet(Airstrike_neck_times, Airstrike_neck_transforms, OpenMatrix4f.invert(joint.getLocalTrasnform(), null));
            animation.addSheet("neck", sheet);
            animation.setTotalTime(Airstrike_neck_times[Airstrike_neck_times.length - 1]);
        }

        {
            float[] Airstrike_neck2_times = {
                0.0F, 0.4667F, 0.9333F
            };

            float[] Airstrike_neck2_transforms = new float[]{
                1.0F, 0.0F, -0.0F, 0.0F, -0.0F, 0.982468F, 0.186432F, 0.623754F, 0.0F, -0.186432F, 0.982468F, -0.0F, 0.0F, 0.0F, 0.0F, 1.0F,
                1.0F, 0.0F, -0.0F, 0.0F, -0.0F, 0.985572F, 0.169257F, 0.623755F, 0.0F, -0.169257F, 0.985572F, -0.0F, 0.0F, 0.0F, 0.0F, 1.0F,
                1.0F, 0.0F, -0.0F, 0.0F, -0.0F, 0.982468F, 0.186432F, 0.623754F, 0.0F, -0.186432F, 0.982468F, -0.0F, 0.0F, 0.0F, 0.0F, 1.0F,
            };

            Joint joint = armature.searchJointByName("neck2");
            if (joint == null) {
                throw new IllegalArgumentException("[EpicDragonFight] Can't find the joint neck2 in animation data " + animation);
            }
            TransformSheet sheet = getTransformSheet(Airstrike_neck2_times, Airstrike_neck2_transforms, OpenMatrix4f.invert(joint.getLocalTrasnform(), null));
            animation.addSheet("neck2", sheet);
            animation.setTotalTime(Airstrike_neck2_times[Airstrike_neck2_times.length - 1]);
        }

        {
            float[] Airstrike_neck3_times = {
                0.0F, 0.4667F, 0.9333F
            };

            float[] Airstrike_neck3_transforms = new float[]{
                1.0F, 0.0F, -0.0F, 0.0F, -0.0F, 0.981319F, 0.192384F, 0.626764F, 0.0F, -0.192384F, 0.98132F, -0.0F, 0.0F, 0.0F, 0.0F, 1.0F,
